0	1	2.76222
0	2	0.840656
0	3	0.266419
0	4	0.801837
0	5	0.374916
0	6	1.39144
0	7	0.922034
0	8	0.769351
0	9	1.05809
0	10	1.52094
0	11	0.874527
0	12	0.454385
0	13	0.992767
0	14	13.9177
0	15	0.589195
0	16	5.71868
0	17	1.1196
0	18	0.63311
0	19	0.369414
0	20	1.5319
0	21	0.258815
0	22	0.362291
0	23	0.377637
0	24	1.29754
0	25	0.635523
0	26	0.326294
0	27	1.52643
0	28	2.14466
0	29	4.62568
0	30	0.592475
0	31	6.67101
0	32	0.50846
0	33	0.479652
0	34	0.69131
0	35	0.686361
0	36	0.51091
0	37	0.894546
0	38	0.387121
0	39	0.516722
0	40	0.817864
0	41	0.764579
0	42	1.19849
0	43	1.05113
0	44	0.77385
0	45	0.400828
0	46	0.602262
0	47	0.49337
0	48	1.05518
0	49	0.422092
0	50	0.737456
0	51	1.52692
0	52	0.539805
0	53	0.663275
0	54	0.428423
0	55	0.716169
0	56	0.369837
0	57	0.407484
0	58	3.3783
0	59	0.590479
0	60	0.813052
0	61	0.784081
0	62	1.26004
0	63	0.586875
0	64	0.821594
0	65	0.324749
0	66	2.20788
0	67	0.239848
0	68	0.579413
0	69	2.6145
0	70	0.867084
0	71	0.723194
0	72	1.7049
0	73	1.21504
0	74	2.4267
0	75	0.203465
0	76	0.663708
0	77	0.970561
0	78	1.19612
0	79	0.834843
0	80	1.98826
0	81	1.33937
0	82	9.81875
0	83	1.00936
0	84	0.353751
0	85	0.294046
0	86	0.771392
0	87	15.3334
0	88	1.04211
0	89	93.8035
0	90	1.27762
0	91	1.12516
0	92	0.746373
0	93	46.9234
0	94	0.482911
0	95	1.38224
0	96	1.12562
0	97	6.42138
0	98	0.601924
0	99	0.769364
0	100	2.04357
0	101	1.51655
0	102	0.900868
0	103	0.998794
0	104	0.354663
0	105	0.230035

1	2	3.56523
1	3	2.83066
1	4	3.52985
1	5	2.75898
1	6	1.68618
1	7	1.95219
1	8	3.47473
1	9	3.77098
1	10	1.42265
1	11	1.90311
1	12	3.14467
1	13	3.70739
1	14	11.1783
1	15	3.26059
1	16	3.03404
1	17	3.83615
1	18	2.18797
1	19	2.60339
1	20	1.55291
1	21	2.76091
1	22	2.85175
1	23	2.91974
1	24	1.63873
1	25	2.17746
1	26	2.96454
1	27	1.57543
1	28	0.858499
1	29	1.99349
1	30	2.24178
1	31	4.06386
1	32	2.76309
1	33	3.06925
1	34	3.25427
1	35	3.02056
1	36	3.24101
1	37	3.63426
1	38	3.01323
1	39	2.83848
1	40	1.95535
1	41	2.25105
1	42	3.88895
1	43	1.98973
1	44	3.44591
1	45	2.63192
1	46	3.18083
1	47	2.73096
1	48	3.76698
1	49	2.54082
1	50	3.18199
1	51	1.2726
1	52	3.11678
1	53	2.18041
1	54	3.06024
1	55	2.11012
1	56	2.78049
1	57	3.06522
1	58	1.07395
1	59	2.25842
1	60	3.52909
1	61	3.44337
1	62	3.93859
1	63	2.28088
1	64	3.50863
1	65	2.71349
1	66	0.962196
1	67	2.80945
1	68	2.28337
1	69	0.546354
1	70	3.38283
1	71	3.40783
1	72	1.09024
1	73	1.6731
1	74	0.725114
1	75	2.71245
1	76	3.32221
1	77	3.69278
1	78	1.70795
1	79	3.47887
1	80	0.815635
1	81	1.51255
1	82	7.11474
1	83	3.70317
1	84	3.06588
1	85	2.66662
1	86	2.10884
1	87	12.6352
1	88	3.75742
1	89	91.0785
1	90	1.60383
1	91	1.82735
1	92	3.42462
1	93	44.1967
1	94	2.86027
1	95	1.44939
1	96	1.86513
1	97	3.71852
1	98	3.19874
1	99	3.47751
1	100	1.50671
1	101	1.56342
1	102	1.97569
1	103	3.70626
1	104	2.55856
1	105	2.85711

2	3	0.748004
2	4	0.246757
2	5	1.00604
2	6	2.13203
2	7	1.72064
2	8	0.119273
2	9	0.296262
2	10	2.35374
2	11	1.68077
2	12	0.50857
2	13	0.192463
2	14	14.7061
2	15	0.5106
2	16	6.53096
2	17	0.335598
2	18	1.40497
2	19	1.04513
2	20	2.26805
2	21	0.824705
2	22	0.898982
2	23	0.705486
2	24	2.04263
2	25	1.41764
2	26	0.639227
2	27	2.24728
2	28	2.91526
2	29	5.41424
2	30	1.41484
2	31	7.4543
2	32	1.02512
2	33	0.577263
2	34	0.729056
2	35	1.10185
2	36	0.373326
2	37	0.310556
2	38	0.621279
2	39	0.974168
2	40	1.6334
2	41	1.40489
2	42	0.397856
2	43	1.70894
2	44	0.279423
2	45	1.12532
2	46	0.514548
2	47	1.07383
2	48	0.281801
2	49	1.18209
2	50	0.894438
2	51	2.32332
2	52	0.787845
2	53	1.44436
2	54	0.586935
2	55	1.52797
2	56	0.952722
2	57	0.653537
2	58	4.14591
2	59	1.38889
2	60	0.170892
2	61	0.226667
2	62	0.475311
2	63	1.3325
2	64	0.19321
2	65	1.02905
2	66	2.97158
2	67	0.855822
2	68	1.31023
2	69	3.42296
2	70	0.855686
2	71	0.426443
2	72	2.51237
2	73	2.02736
2	74	3.2414
2	75	0.875266
2	76	0.344678
2	77	0.209945
2	78	2.03079
2	79	0.283427
2	80	2.79066
2	81	2.13758
2	82	10.6176
2	83	0.238851
2	84	0.649771
2	85	0.917443
2	86	1.58328
2	87	16.1134
2	88	0.228653
2	89	94.5866
2	90	2.04843
2	91	1.90394
2	92	0.427472
2	93	47.7134
2	94	0.879086
2	95	2.17593
2	96	1.85723
2	97	7.21845
2	98	0.777844
2	99	0.202252
2	100	2.72924
2	101	2.27714
2	102	1.64456
2	103	0.244442
2	104	1.03008
2	105	0.811521

3	4	0.755007
3	5	0.515763
3	6	1.4334
3	7	1.02458
3	8	0.657305
3	9	0.974412
3	10	1.65052
3	11	0.960505
3	12	0.445694
3	13	0.891216
3	14	13.9707
3	15	0.605511
3	16	5.79744
3	17	1.03701
3	18	0.665507
3	19	0.446709
3	20	1.57227
3	21	0.149265
3	22	0.451201
3	23	0.258629
3	24	1.3243
3	25	0.701378
3	26	0.274585
3	27	1.53034
3	28	2.18917
3	29	4.67847
3	30	0.739709
3	31	6.74043
3	32	0.621531
3	33	0.326837
3	34	0.703353
3	35	0.868332
3	36	0.474793
3	37	0.838807
3	38	0.273104
3	39	0.629226
3	40	0.909826
3	41	0.757988
3	42	1.08966
3	43	1.00636
3	44	0.677642
3	45	0.632765
3	46	0.492859
3	47	0.597526
3	48	0.970817
3	49	0.600911
3	50	0.804016
3	51	1.59091
3	52	0.677575
3	53	0.743647
3	54	0.394914
3	55	0.850726
3	56	0.483621
3	57	0.411993
3	58	3.42176
3	59	0.719723
3	60	0.714346
3	61	0.643817
3	62	1.15521
3	63	0.59913
3	64	0.709453
3	65	0.54939
3	66	2.24267
3	67	0.412432
3	68	0.586072
3	69	2.68592
3	70	0.930474
3	71	0.70496
3	72	1.78398
3	73	1.31668
3	74	2.50583
3	75	0.223493
3	76	0.515664
3	77	0.885417
3	78	1.35241
3	79	0.707158
3	80	2.05539
3	81	1.41233
3	82	9.88716
3	83	0.905085
3	84	0.481609
3	85	0.263397
3	86	0.88506
3	87	15.3832
3	88	0.940174
3	89	93.8552
3	90	1.308
3	91	1.23305
3	92	0.700156
3	93	46.9811
3	94	0.514916
3	95	1.45297
3	96	1.14917
3	97	6.48242
3	98	0.747032
3	99	0.662675
3	100	2.04112
3	101	1.57282
3	102	0.91372
3	103	0.912444
3	104	0.302501
3	105	0.341009

4	5	0.917754
4	6	2.09464
4	7	1.67209
4	8	0.254878
4	9	0.41427
4	10	2.28044
4	11	1.6404
4	12	0.490922
4	13	0.330062
4	14	14.6689
4	15	0.497919
4	16	6.48372
4	17	0.432346
4	18	1.38314
4	19	0.994769
4	20	2.22039
4	21	0.815651
4	22	0.819333
4	23	0.718639
4	24	2.01125
4	25	1.38835
4	26	0.678905
4	27	2.24701
4	28	2.88178
4	29	5.38319
4	30	1.36832
4	31	7.40815
4	32	0.951985
4	33	0.562893
4	34	0.597364
4	35	1.00096
4	36	0.418204
4	37	0.333081
4	38	0.590636
4	39	0.883939
4	40	1.59569
4	41	1.38958
4	42	0.509011
4	43	1.71896
4	44	0.349279
4	45	1.04182
4	46	0.560461
4	47	0.985979
4	48	0.388825
4	49	1.11662
4	50	0.728596
4	51	2.2824
4	52	0.627046
4	53	1.3989
4	54	0.579686
4	55	1.46691
4	56	0.852933
4	57	0.634023
4	58	4.11548
4	59	1.32777
4	60	0.206865
4	61	0.351165
4	62	0.592316
4	63	1.31125
4	64	0.293358
4	65	0.938927
4	66	2.94014
4	67	0.767587
4	68	1.28686
4	69	3.37447
4	70	0.712152
4	71	0.430031
4	72	2.46263
4	73	1.97933
4	74	3.19104
4	75	0.84974
4	76	0.472802
4	77	0.296118
4	78	1.95568
4	79	0.401649
4	80	2.75375
4	81	2.09344
4	82	10.5701
4	83	0.375834
4	84	0.550309
4	85	0.881546
4	86	1.53533
4	87	16.0795
4	88	0.380716
4	89	94.5506
4	90	2.03203
4	91	1.83875
4	92	0.410062
4	93	47.673
4	94	0.81956
4	95	2.1482
4	96	1.84401
4	97	7.17591
4	98	0.614453
4	99	0.301007
4	100	2.72185
4	101	2.2226
4	102	1.62516
4	103	0.359078
4	104	1.01811
4	105	0.749656

5	6	1.30617
5	7	0.871121
5	8	0.936751
5	9	1.23811
5	10	1.44507
5	11	0.938866
5	12	0.723704
5	13	1.15095
5	14	13.8672
5	15	0.833779
5	16	5.6488
5	17	1.28886
5	18	0.67459
5	19	0.619246
5	20	1.45962
5	21	0.481868
5	22	0.154276
5	23	0.540842
5	24	1.27735
5	25	0.683072
5	26	0.62932
5	27	1.49308
5	28	2.11258
5	29	4.56514
5	30	0.670044
5	31	6.59842
5	32	0.776647
5	33	0.637459
5	34	0.683691
5	35	0.601808
5	36	0.746267
5	37	1.00139
5	38	0.509795
5	39	0.76403
5	40	0.874858
5	41	0.980132
5	42	1.37155
5	43	1.11933
5	44	0.998219
5	45	0.551459
5	46	0.888882
5	47	0.250587
5	48	1.23273
5	49	0.3471
5	50	0.555096
5	51	1.54361
5	52	0.627663
5	53	0.753598
5	54	0.734418
5	55	0.783534
5	56	0.237699
5	57	0.495993
5	58	3.31091
5	59	0.6999
5	60	0.94778
5	61	0.988189
5	62	1.45036
5	63	0.614778
5	64	1.0104
5	65	0.444727
5	66	2.14507
5	67	0.370015
5	68	0.646623
5	69	2.55851
5	70	0.705012
5	71	0.961739
5	72	1.69811
5	73	1.21111
5	74	2.35795
5	75	0.405593
5	76	0.827205
5	77	1.12816
5	78	1.14651
5	79	1.0622
5	80	1.9939
5	81	1.2864
5	82	9.76558
5	83	1.19809
5	84	0.459511
5	85	0.512799
5	86	0.682037
5	87	15.266
5	88	1.2046
5	89	93.7391
5	90	1.25797
5	91	1.19919
5	92	0.956175
5	93	46.8566
5	94	0.769482
5	95	1.4435
5	96	1.09792
5	97	6.35821
5	98	0.583471
5	99	0.940426
5	100	1.96472
5	101	1.40522
5	102	0.912461
5	103	1.18539
5	104	0.497029
5	105	0.436105

6	7	0.548099
6	8	2.04001
6	9	2.38535
6	10	0.856872
6	11	0.818782
6	12	1.81711
6	13	2.27488
6	14	12.6534
6	15	1.96555
6	16	4.46814
6	17	2.44639
6	18	0.833269
6	19	1.34696
6	20	0.338368
6	21	1.33826
6	22	1.37817
6	23	1.43764
6	24	0.301573
6	25	0.796707
6	26	1.58434
6	27	0.417333
6	28	0.941638
6	29	3.33858
6	30	1.05692
6	31	5.38146
6	32	1.56799
6	33	1.62981
6	34	1.86688
6	35	1.73742
6	36	1.85474
6	37	2.21468
6	38	1.55488
6	39	1.61654
6	40	0.806471
6	41	1.14228
6	42	2.49184
6	43	0.66532
6	44	2.09345
6	45	1.38883
6	46	1.8814
6	47	1.22215
6	48	2.37748
6	49	1.11147
6	50	1.6806
6	51	0.822474
6	52	1.7836
6	53	1.03173
6	54	1.75606
6	55	1.01014
6	56	1.30135
6	57	1.60562
6	58	2.06594
6	59	1.05179
6	60	2.10038
6	61	2.04347
6	62	2.5653
6	63	0.867206
6	64	2.09878
6	65	1.4196
6	66	0.912317
6	67	1.44713
6	68	0.876638
6	69	1.4438
6	70	1.86047
6	71	2.09302
6	72	0.862424
6	73	0.853166
6	74	1.33643
6	75	1.28262
6	76	1.8543
6	77	2.27731
6	78	0.836239
6	79	2.12158
6	80	1.04814
6	81	0.398586
6	82	8.57526
6	83	2.31434
6	84	1.65583
6	85	1.29493
6	86	0.769758
6	87	14.0257
6	88	2.33835
6	89	92.5065
6	90	0.44018
6	91	0.962606
6	92	2.08441
6	93	45.6326
6	94	1.62335
6	95	0.921627
6	96	0.374111
6	97	5.15609
6	98	1.82297
6	99	2.0708
6	100	0.750292
6	101	0.337139
6	102	0.597533
6	103	2.32419
6	104	1.15127
6	105	1.52134

7	8	1.63847
7	9	1.95808
7	10	0.787226
7	11	0.449619
7	12	1.35455
7	13	1.86794
7	14	13.0517
7	15	1.48868
7	16	4.83746
7	17	2.02194
7	18	0.448271
7	19	0.887234
7	20	0.713269
7	21	0.931248
7	22	0.960175
7	23	1.05818
7	24	0.514816
7	25	0.374495
7	26	1.14527
7	27	0.766432
7	28	1.30904
7	29	3.74551
7	30	0.559031
7	31	5.78409
7	32	1.09452
7	33	1.24614
7	34	1.44446
7	35	1.24748
7	36	1.40704
7	37	1.78442
7	38	1.15634
7	39	1.14267
7	40	0.395001
7	41	0.805478
7	42	2.08594
7	43	0.621326
7	44	1.6672
7	45	0.865079
7	46	1.4519
7	47	0.832225
7	48	1.95451
7	49	0.6252
7	50	1.30674
7	51	0.841888
7	52	1.30711
7	53	0.61045
7	54	1.30171
7	55	0.550666
7	56	0.881163
7	57	1.17457
7	58	2.50091
7	59	0.573783
7	60	1.6936
7	61	1.64639
7	62	2.15203
7	63	0.499315
7	64	1.69126
7	65	0.910187
7	66	1.34562
7	67	0.979642
7	68	0.515244
7	69	1.75934
7	70	1.48186
7	71	1.62754
7	72	0.954825
7	73	0.637911
7	74	1.59639
7	75	0.857428
7	76	1.47262
7	77	1.85742
7	78	0.550736
7	79	1.71137
7	80	1.21626
7	81	0.496969
7	82	8.95351
7	83	1.90024
7	84	1.18919
7	85	0.886042
7	86	0.330441
7	87	14.4487
7	88	1.9288
7	89	92.9231
7	90	0.530444
7	91	0.678265
7	92	1.63444
7	93	46.0422
7	94	1.17531
7	95	0.794848
7	96	0.39521
7	97	5.54798
7	98	1.35559
7	99	1.65537
7	100	1.2494
7	101	0.67967
7	102	0.395216
7	103	1.89927
7	104	0.76346
7	105	1.05314

8	9	0.390078
8	10	2.27346
8	11	1.5954
8	12	0.467648
8	13	0.275256
8	14	14.608
8	15	0.507167
8	16	6.43939
8	17	0.426758
8	18	1.31364
8	19	0.966349
8	20	2.16938
8	21	0.733704
8	22	0.826395
8	23	0.616668
8	24	1.94608
8	25	1.32937
8	26	0.580154
8	27	2.15271
8	28	2.81717
8	29	5.31895
8	30	1.34401
8	31	7.35975
8	32	0.962281
8	33	0.483579
8	34	0.690315
8	35	1.08737
8	36	0.344917
8	37	0.369171
8	38	0.533809
8	39	0.91331
8	40	1.54887
8	41	1.31259
8	42	0.471861
8	43	1.60968
8	44	0.262357
8	45	1.0725
8	46	0.462547
8	47	0.995646
8	48	0.367769
8	49	1.11752
8	50	0.838328
8	51	2.23206
8	52	0.747327
8	53	1.36176
8	54	0.528084
8	55	1.45024
8	56	0.87692
8	57	0.608731
8	58	4.04816
8	59	1.31054
8	60	0.150904
8	61	0.163456
8	62	0.552537
8	63	1.23984
8	64	0.183995
8	65	0.973649
8	66	2.87399
8	67	0.785491
8	68	1.21451
8	69	3.331
8	70	0.827526
8	71	0.441916
8	72	2.42107
8	73	1.94775
8	74	3.15344
8	75	0.788055
8	76	0.284881
8	77	0.29426
8	78	1.95516
8	79	0.263426
8	80	2.70144
8	81	2.04574
8	82	10.5216
8	83	0.307021
8	84	0.605765
8	85	0.820672
8	86	1.50436
8	87	16.0151
8	88	0.314814
8	89	94.4878
8	90	1.95557
8	91	1.81987
8	92	0.430044
8	93	47.6155
8	94	0.806155
8	95	2.09259
8	96	1.76733
8	97	7.12196
8	98	0.749949
8	99	0.197312
8	100	2.63151
8	101	2.18142
8	102	1.54762
8	103	0.326018
8	104	0.933906
8	105	0.745731

9	10	2.55574
9	11	1.88208
9	12	0.650561
9	13	0.190654
9	14	14.9275
9	15	0.581382
9	16	6.75667
9	17	0.102132
9	18	1.6319
9	19	1.22128
9	20	2.52345
9	21	1.05957
9	22	1.13708
9	23	0.973537
9	24	2.28449
9	25	1.65216
9	26	0.850593
9	27	2.49353
9	28	3.15261
9	29	5.64696
9	30	1.60219
9	31	7.69815
9	32	1.17033
9	33	0.798259
9	34	0.845083
9	35	1.22002
9	36	0.569299
9	37	0.329475
9	38	0.857072
9	39	1.11843
9	40	1.84068
9	41	1.59507
9	42	0.199319
9	43	1.94714
9	44	0.352105
9	45	1.2952
9	46	0.615983
9	47	1.33519
9	48	0.0963898
9	49	1.40751
9	50	1.12601
9	51	2.5225
9	52	0.936542
9	53	1.62824
9	54	0.732864
9	55	1.71575
9	56	1.19474
9	57	0.862888
9	58	4.39143
9	59	1.58037
9	60	0.351979
9	61	0.393196
9	62	0.237516
9	63	1.5653
9	64	0.326391
9	65	1.203
9	66	3.21144
9	67	1.07636
9	68	1.54995
9	69	3.64049
9	70	1.07766
9	71	0.444499
9	72	2.71951
9	73	2.21409
9	74	3.44839
9	75	1.12105
9	76	0.595708
9	77	0.157029
9	78	2.2341
9	79	0.342161
9	80	2.98999
9	81	2.37447
9	82	10.8397
9	83	0.133682
9	84	0.862022
9	85	1.14681
9	86	1.80769
9	87	16.3491
9	88	0.146728
9	89	94.8173
9	90	2.27746
9	91	2.09434
9	92	0.437855
9	93	47.9429
9	94	1.02863
9	95	2.3574
9	96	2.10363
9	97	7.44548
9	98	0.950238
9	99	0.335835
9	100	2.99097
9	101	2.52629
9	102	1.88301
9	103	0.0951473
9	104	1.26759
9	105	0.988509

10	11	0.765847
10	12	1.92899
10	13	2.49363
10	14	12.5009
10	15	2.02517
10	16	4.27846
10	17	2.61834
10	18	1.04161
10	19	1.44235
10	20	0.875386
10	21	1.5768
10	22	1.55336
10	23	1.75013
10	24	0.826309
10	25	1.03194
10	26	1.78777
10	27	0.989595
10	28	1.03627
10	29	3.26149
10	30	1.01763
10	31	5.30919
10	32	1.63803
10	33	1.86812
10	34	1.9365
10	35	1.64601
10	36	2.02348
10	37	2.36543
10	38	1.78812
10	39	1.6936
10	40	0.81305
10	41	1.30234
10	42	2.69284
10	43	1.16386
10	44	2.25403
10	45	1.3853
10	46	2.01597
10	47	1.459
10	48	2.55313
10	49	1.25031
10	50	1.8771
10	51	0.527286
10	52	1.85128
10	53	0.97952
10	54	1.87695
10	55	0.871385
10	56	1.49443
10	57	1.8032
10	58	2.12177
10	59	1.08655
10	60	2.3005
10	61	2.26655
10	62	2.75193
10	63	1.12718
10	64	2.30879
10	65	1.4376
10	66	1.08645
10	67	1.5535
10	68	1.16939
10	69	1.24622
10	70	2.07339
10	71	2.19725
10	72	0.506865
10	73	0.476484
10	74	0.99353
10	75	1.51434
10	76	2.14143
10	77	2.46537
10	78	0.379365
10	79	2.30758
10	80	0.730529
10	81	0.568657
10	82	8.41821
10	83	2.50724
10	84	1.78028
10	85	1.49447
10	86	0.843374
10	87	13.9366
10	88	2.54612
10	89	92.3868
10	90	0.724636
10	91	0.915658
10	92	2.20691
10	93	45.4964
10	94	1.73729
10	95	0.598928
10	96	0.942734
10	97	5.00792
10	98	1.88522
10	99	2.25816
10	100	1.33474
10	101	0.726239
10	102	0.950751
10	103	2.49761
10	104	1.39947
10	105	1.6009

11	12	1.2551
11	13	1.82017
11	14	13.0673
11	15	1.37553
11	16	4.88497
11	17	1.94699
11	18	0.393125
11	19	0.744476
11	20	0.900674
11	21	0.891342
11	22	1.01439
11	23	1.07899
11	24	0.636194
11	25	0.387116
11	26	1.09918
11	27	0.917201
11	28	1.35065
11	29	3.80241
11	30	0.429486
11	31	5.86884
11	32	0.960656
11	33	1.19795
11	34	1.38811
11	35	1.24265
11	36	1.35531
11	37	1.73889
11	38	1.13903
11	39	1.03074
11	40	0.171205
11	41	0.576405
11	42	2.00754
11	43	0.628996
11	44	1.56276
11	45	0.810634
11	46	1.30899
11	47	0.969557
11	48	1.87789
11	49	0.74203
11	50	1.39502
11	51	0.662279
11	52	1.26569
11	53	0.310456
11	54	1.17984
11	55	0.265603
11	56	0.946649
11	57	1.19662
11	58	2.59269
11	59	0.441854
11	60	1.64067
11	61	1.56889
11	62	2.06156
11	63	0.49271
11	64	1.62422
11	65	0.86271
11	66	1.43791
11	67	0.950617
11	68	0.500923
11	69	1.78507
11	70	1.59586
11	71	1.52443
11	72	0.84986
11	73	0.451837
11	74	1.60104
11	75	0.849183
11	76	1.46412
11	77	1.80049
11	78	0.517038
11	79	1.60551
11	80	1.12207
11	81	0.613843
11	82	8.98238
11	83	1.82056
11	84	1.18546
11	85	0.798797
11	86	0.464954
11	87	14.5025
11	88	1.87081
11	89	92.9632
11	90	0.571807
11	91	0.541241
11	92	1.53601
11	93	46.0822
11	94	1.03129
11	95	0.540704
11	96	0.634915
11	97	5.58257
11	98	1.35985
11	99	1.58806
11	100	1.44976
11	101	0.876917
11	102	0.417023
11	103	1.8191
11	104	0.715939
11	105	0.967464

12	13	0.63139
12	14	14.3104
12	15	0.215581
12	16	6.12676
12	17	0.716937
12	18	1.03796
12	19	0.593189
12	20	1.94888
12	21	0.52599
12	22	0.661059
12	23	0.546324
12	24	1.70155
12	25	1.05314
12	26	0.337991
12	27	1.93679
12	28	2.54913
12	29	5.03516
12	30	0.961967
12	31	7.08338
12	32	0.570161
12	33	0.432694
12	34	0.610003
12	35	0.799335
12	36	0.219452
12	37	0.562818
12	38	0.438106
12	39	0.538909
12	40	1.20761
12	41	1.01133
12	42	0.800748
12	43	1.40888
12	44	0.368519
12	45	0.664281
12	46	0.267714
12	47	0.853135
12	48	0.654424
12	49	0.834423
12	50	0.846274
12	51	1.90383
12	52	0.483768
12	53	1.01613
12	54	0.136184
12	55	1.08847
12	56	0.687767
12	57	0.461147
12	58	3.79534
12	59	0.938989
12	60	0.493099
12	61	0.449423
12	62	0.846716
12	63	0.991139
12	64	0.467685
12	65	0.586476
12	66	2.62146
12	67	0.500445
12	68	0.972765
12	69	3.01551
12	70	0.915128
12	71	0.277912
12	72	2.09492
12	73	1.59853
12	74	2.8294
12	75	0.565279
12	76	0.493325
12	77	0.590407
12	78	1.60289
12	79	0.446914
12	80	2.36816
12	81	1.76328
12	82	10.2116
12	83	0.612038
12	84	0.389502
12	85	0.579544
12	86	1.20568
12	87	15.7387
12	88	0.670896
12	89	94.2024
12	90	1.68575
12	91	1.45694
12	92	0.328933
12	93	47.3232
12	94	0.45693
12	95	1.73792
12	96	1.53968
12	97	6.82365
12	98	0.593303
12	99	0.419165
12	100	2.45876
12	101	1.94624
12	102	1.3036
12	103	0.592317
12	104	0.712046
12	105	0.388196

13	14	14.8483
13	15	0.607157
13	16	6.67809
13	17	0.22764
13	18	1.54865
13	19	1.17172
13	20	2.41557
13	21	0.963768
13	22	1.04102
13	23	0.859883
13	24	2.18392
13	25	1.56637
13	26	0.787876
13	27	2.39181
13	28	3.06387
13	29	5.55972
13	30	1.55425
13	31	7.60919
13	32	1.15222
13	33	0.681614
13	34	0.777027
13	35	1.20138
13	36	0.52276
13	37	0.30769
13	38	0.744169
13	39	1.09896
13	40	1.77699
13	41	1.53822
13	42	0.255286
13	43	1.84693
13	44	0.341091
13	45	1.26129
13	46	0.595233
13	47	1.2298
13	48	0.180997
13	49	1.32365
13	50	1.01673
13	51	2.4598
13	52	0.9103
13	53	1.57147
13	54	0.710736
13	55	1.66448
13	56	1.09118
13	57	0.769834
13	58	4.29481
13	59	1.52371
13	60	0.252297
13	61	0.301158
13	62	0.340395
13	63	1.47272
13	64	0.216988
13	65	1.1605
13	66	3.11192
13	67	1.01723
13	68	1.458
13	69	3.56199
13	70	0.974308
13	71	0.494184
13	72	2.65401
13	73	2.15472
13	74	3.37384
13	75	1.03027
13	76	0.472708
13	77	0.10095
13	78	2.17607
13	79	0.316849
13	80	2.92511
13	81	2.28865
13	82	10.7638
13	83	0.16158
13	84	0.797003
13	85	1.0629
13	86	1.73049
13	87	16.2587
13	88	0.101054
13	89	94.7313
13	90	2.18929
13	91	2.04291
13	92	0.450551
13	93	47.8587
13	94	1.00571
13	95	2.30703
13	96	2.00089
13	97	7.36353
13	98	0.912252
13	99	0.265492
13	100	2.87437
13	101	2.41957
13	102	1.7894
13	103	0.183772
13	104	1.17635
13	105	0.940302

14	15	14.4354
14	16	8.26279
14	17	14.9893
14	18	13.3191
14	19	13.7487
14	20	12.4941
14	21	13.8938
14	22	13.9588
14	23	14.0309
14	24	12.6848
14	25	13.3062
14	26	14.1172
14	27	12.5266
14	28	11.7986
14	29	9.33035
14	30	13.4002
14	31	7.43719
14	32	13.8904
14	33	14.1905
14	34	14.3709
14	35	14.1371
14	36	14.3998
14	37	14.7869
14	38	14.1382
14	39	13.9604
14	40	13.1137
14	41	13.3678
14	42	15.0298
14	43	13.0327
14	44	14.5962
14	45	13.7789
14	46	14.3363
14	47	13.8023
14	48	14.9184
14	49	13.662
14	50	14.2288
14	51	12.4258
14	52	14.2369
14	53	13.3394
14	54	14.2196
14	55	13.2727
14	56	13.885
14	57	14.2006
14	58	10.6124
14	59	13.404
14	60	14.666
14	61	14.5773
14	62	15.0832
14	63	13.3983
14	64	14.6483
14	65	13.86
14	66	11.7737
14	67	13.952
14	68	13.401
14	69	11.3369
14	70	14.4253
14	71	14.5725
14	72	12.2345
14	73	12.804
14	74	11.576
14	75	13.8461
14	76	14.4431
14	77	14.8421
14	78	12.8211
14	79	14.622
14	80	11.9646
14	81	12.5983
14	82	4.26467
14	83	14.8496
14	84	14.2096
14	85	13.8004
14	86	13.2229
14	87	1.92221
14	88	14.9003
14	89	79.9105
14	90	12.6871
14	91	12.9198
14	92	14.5796
14	93	33.0353
14	94	13.9901
14	95	12.6155
14	96	12.9053
14	97	7.51687
14	98	14.3142
14	99	14.6253
14	100	12.1288
14	101	12.5104
14	102	13.0717
14	103	14.86
14	104	13.6843
14	105	14.0103

15	16	6.24881
15	17	0.648914
15	18	1.18195
15	19	0.770505
15	20	2.10282
15	21	0.68811
15	22	0.773917
15	23	0.701929
15	24	1.85345
15	25	1.19869
15	26	0.470307
15	27	2.08261
15	28	2.69221
15	29	5.16692
15	30	1.08239
15	31	7.21712
15	32	0.750478
15	33	0.575839
15	34	0.617536
15	35	0.774966
15	36	0.278449
15	37	0.501702
15	38	0.581971
15	39	0.722036
15	40	1.33939
15	41	1.17173
15	42	0.751785
15	43	1.56743
15	44	0.3811
15	45	0.785234
15	46	0.330533
15	47	0.980043
15	48	0.597779
15	49	0.948577
15	50	0.930125
15	51	2.01884
15	52	0.607707
15	53	1.12268
15	54	0.328842
15	55	1.18696
15	56	0.818789
15	57	0.547892
15	58	3.93666
15	59	1.08896
15	60	0.505662
15	61	0.495463
15	62	0.784749
15	63	1.13852
15	64	0.486457
15	65	0.709478
15	66	2.76524
15	67	0.625239
15	68	1.12954
15	69	3.14601
15	70	0.967407
15	71	0.266976
15	72	2.21111
15	73	1.69309
15	74	2.9411
15	75	0.723503
15	76	0.573504
15	77	0.548934
15	78	1.69928
15	79	0.458817
15	80	2.48201
15	81	1.90072
15	82	10.3455
15	83	0.575458
15	84	0.47353
15	85	0.745623
15	86	1.32428
15	87	15.8716
15	88	0.633421
15	89	94.3321
15	90	1.82438
15	91	1.61442
15	92	0.357712
15	93	47.4511
15	94	0.653001
15	95	1.83872
15	96	1.68645
15	97	6.95286
15	98	0.639512
15	99	0.419566
15	100	2.61176
15	101	2.09087
15	102	1.45517
15	103	0.537745
15	104	0.871988
15	105	0.529248

16	17	6.82036
16	18	5.13708
16	19	5.56818
16	20	4.33073
16	21	5.71688
16	22	5.74734
16	23	5.8532
16	24	4.52085
16	25	5.11608
16	26	5.93398
16	27	4.37508
16	28	3.65053
16	29	1.24595
16	30	5.19059
16	31	1.3515
16	32	5.71106
16	33	6.02427
16	34	6.17855
16	35	5.89901
16	36	6.21139
16	37	6.5931
16	38	5.95638
16	39	5.77781
16	40	4.92246
16	41	5.23971
16	42	6.87539
16	43	4.90501
16	44	6.43596
16	45	5.56083
16	46	6.18411
16	47	5.59167
16	48	6.75137
16	49	5.43665
16	50	6.0254
16	51	4.26688
16	52	6.02535
16	53	5.16068
16	54	6.04651
16	55	5.07926
16	56	5.67774
16	57	5.99308
16	58	2.50102
16	59	5.20629
16	60	6.49286
16	61	6.42374
16	62	6.93328
16	63	5.21644
16	64	6.48544
16	65	5.64134
16	66	3.61874
16	67	5.75163
16	68	5.22768
16	69	3.13731
16	70	6.21182
16	71	6.38915
16	72	4.06251
16	73	4.60991
16	74	3.37824
16	75	5.65895
16	76	6.27142
16	77	6.66661
16	78	4.59594
16	79	6.47326
16	80	3.80368
16	81	4.39943
16	82	4.16605
16	83	6.6897
16	84	5.99727
16	85	5.63172
16	86	5.00255
16	87	9.67739
16	88	6.7326
16	89	88.1177
16	90	4.51186
16	91	4.73803
16	92	6.39879
16	93	41.2274
16	94	5.8245
16	95	4.4567
16	96	4.72471
16	97	0.850808
16	98	6.09525
16	99	6.45205
16	100	4.02324
16	101	4.32173
16	102	4.90336
16	103	6.69283
16	104	5.51196
16	105	5.81019

17	18	1.69573
17	19	1.28365
17	20	2.57771
17	21	1.12189
17	22	1.18638
17	23	1.03002
17	24	2.34576
17	25	1.71526
17	26	0.922273
17	27	2.55703
17	28	3.21109
17	29	5.71056
17	30	1.67088
17	31	7.75626
17	32	1.22142
17	33	0.854937
17	34	0.886452
17	35	1.27765
17	36	0.637034
17	37	0.371116
17	38	0.915833
17	39	1.16583
17	40	1.90543
17	41	1.65429
17	42	0.152509
17	43	2.00902
17	44	0.405459
17	45	1.35658
17	46	0.686172
17	47	1.37724
17	48	0.0987927
17	49	1.47196
17	50	1.14126
17	51	2.58595
17	52	0.969448
17	53	1.6941
17	54	0.796408
17	55	1.77934
17	56	1.24397
17	57	0.933373
17	58	4.45108
17	59	1.6439
17	60	0.379813
17	61	0.441613
17	62	0.195123
17	63	1.6284
17	64	0.379339
17	65	1.26486
17	66	3.27358
17	67	1.12454
17	68	1.6098
17	69	3.70561
17	70	1.0845
17	71	0.507106
17	72	2.78089
17	73	2.28236
17	74	3.51582
17	75	1.17979
17	76	0.655465
17	77	0.206449
17	78	2.29585
17	79	0.394873
17	80	3.05723
17	81	2.43491
17	82	10.9
17	83	0.163456
17	84	0.912617
17	85	1.20081
17	86	1.87156
17	87	16.4104
17	88	0.161555
17	89	94.8784
17	90	2.34279
17	91	2.1531
17	92	0.503915
17	93	48.0042
17	94	1.07647
17	95	2.42661
17	96	2.16961
17	97	7.50709
17	98	0.972982
17	99	0.398811
17	100	3.04884
17	101	2.58288
17	102	1.94401
17	103	0.13644
17	104	1.32696
17	105	1.04964

18	19	0.575401
18	20	0.968989
18	21	0.592462
18	22	0.724742
18	23	0.760124
18	24	0.706012
18	25	0.173983
18	26	0.839526
18	27	0.926048
18	28	1.54596
18	29	4.02254
18	30	0.401956
18	31	6.09435
18	32	0.84229
18	33	0.910491
18	34	1.16316
18	35	1.09568
18	36	1.10223
18	37	1.47309
18	38	0.840262
18	39	0.894526
18	40	0.332821
18	41	0.538554
18	42	1.75045
18	43	0.515346
18	44	1.32277
18	45	0.70536
18	46	1.09494
18	47	0.686316
18	48	1.62747
18	49	0.529232
18	50	1.13863
18	51	0.964824
18	52	1.07672
18	53	0.362318
18	54	0.965989
18	55	0.441294
18	56	0.687715
18	57	0.912542
18	58	2.77435
18	59	0.408588
18	60	1.36538
18	61	1.30047
18	62	1.81368
18	63	0.127922
18	64	1.3621
18	65	0.707701
18	66	1.59371
18	67	0.73722
18	68	0.187614
18	69	2.02706
18	70	1.32068
18	71	1.31154
18	72	1.1472
18	73	0.736716
18	74	1.85201
18	75	0.554105
18	76	1.15168
18	77	1.5401
18	78	0.793345
18	79	1.35859
18	80	1.41569
18	81	0.761119
18	82	9.23432
18	83	1.56557
18	84	0.955576
18	85	0.544903
18	86	0.366064
18	87	14.731
18	88	1.60022
18	89	93.2032
18	90	0.655475
18	91	0.742642
18	92	1.30908
18	93	46.3269
18	94	0.8657
18	95	0.865294
18	96	0.564135
18	97	5.8252
18	98	1.15399
18	99	1.31985
18	100	1.45999
18	101	0.949707
18	102	0.291762
18	103	1.57093
18	104	0.388487
18	105	0.74372

19	20	1.44616
19	21	0.413935
19	22	0.635063
19	23	0.620154
19	24	1.19186
19	25	0.59049
19	26	0.557795
19	27	1.4761
19	28	2.00491
19	29	4.48469
19	30	0.492563
19	31	6.53577
19	32	0.336719
19	33	0.620521
19	34	0.881889
19	35	0.911239
19	36	0.738167
19	37	1.10858
19	38	0.58652
19	39	0.372566
19	40	0.67225
19	41	0.52001
19	42	1.34607
19	43	0.968246
19	44	0.894434
19	45	0.385367
19	46	0.686321
19	47	0.720826
19	48	1.21317
19	49	0.57409
19	50	0.96001
19	51	1.3837
19	52	0.642936
19	53	0.581595
19	54	0.50768
19	55	0.650299
19	56	0.565861
19	57	0.686877
19	58	3.25837
19	59	0.396097
19	60	1.00165
19	61	0.928969
19	62	1.39491
19	63	0.569666
19	64	0.972693
19	65	0.365129
19	66	2.08627
19	67	0.453017
19	68	0.541703
19	69	2.45296
19	70	1.14245
19	71	0.844084
19	72	1.56569
19	73	1.12231
19	74	2.29601
19	75	0.41535
19	76	0.901507
19	77	1.14219
19	78	1.1313
19	79	0.95077
19	80	1.83381
19	81	1.24269
19	82	9.64119
19	83	1.16216
19	84	0.627629
19	85	0.317462
19	86	0.783016
19	87	15.1782
19	88	1.21999
19	89	93.6362
19	90	1.18076
19	91	0.885995
19	92	0.845237
19	93	46.756
19	94	0.357854
19	95	1.24189
19	96	1.09208
19	97	6.25894
19	98	0.819082
19	99	0.950683
19	100	2.0053
19	101	1.439
19	102	0.821512
19	103	1.1576
19	104	0.415204
19	105	0.376223

20	21	1.47762
20	22	1.53001
20	23	1.58068
20	24	0.348495
20	25	0.927963
20	26	1.73804
20	27	0.513766
20	28	0.751255
20	29	3.20378
20	30	1.19358
20	31	5.21756
20	32	1.63752
20	33	1.76721
20	34	2.00619
20	35	1.91368
20	36	1.99988
20	37	2.36831
20	38	1.7004
20	39	1.68349
20	40	0.904831
20	41	1.17274
20	42	2.62043
20	43	0.752042
20	44	2.21476
20	45	1.5109
20	46	2.00721
20	47	1.35198
20	48	2.5085
20	49	1.28925
20	50	1.7881
20	51	0.769464
20	52	1.87748
20	53	1.14243
20	54	1.87505
20	55	1.10126
20	56	1.44184
20	57	1.7881
20	58	1.91409
20	59	1.15165
20	60	2.23035
20	61	2.16948
20	62	2.69183
20	63	1.01647
20	64	2.23146
20	65	1.5501
20	66	0.792511
20	67	1.55855
20	68	0.99424
20	69	1.32785
20	70	1.98296
20	71	2.22294
20	72	0.755573
20	73	0.948785
20	74	1.28095
20	75	1.41717
20	76	2.00999
20	77	2.41676
20	78	0.889269
20	79	2.24469
20	80	0.972435
20	81	0.40264
20	82	8.40838
20	83	2.44375
20	84	1.79363
20	85	1.39751
20	86	0.94577
20	87	13.874
20	88	2.47491
20	89	92.3505
20	90	0.556381
20	91	0.933763
20	92	2.21848
20	93	45.4769
20	94	1.69412
20	95	0.94995
20	96	0.583394
20	97	5.00145
20	98	1.93209
20	99	2.21366
20	100	0.707163
20	101	0.302336
20	102	0.704324
20	103	2.45564
20	104	1.27851
20	105	1.65797

21	22	0.421784
21	23	0.245681
21	24	1.23371
21	25	0.610443
21	26	0.342557
21	27	1.45493
21	28	2.10891
21	29	4.59943
21	30	0.691335
21	31	6.658
21	32	0.623201
21	33	0.350191
21	34	0.719931
21	35	0.881153
21	36	0.552532
21	37	0.919841
21	38	0.283542
21	39	0.630216
21	40	0.844004
21	41	0.71329
21	42	1.17279
21	43	0.930785
21	44	0.763031
21	45	0.602939
21	46	0.57768
21	47	0.540312
21	48	1.05229
21	49	0.519002
21	50	0.78225
21	51	1.524
21	52	0.690471
21	53	0.685769
21	54	0.474842
21	55	0.7867
21	56	0.412589
21	57	0.42553
21	58	3.33962
21	59	0.653871
21	60	0.792337
21	61	0.724987
21	62	1.24025
21	63	0.515415
21	64	0.778302
21	65	0.520939
21	66	2.15581
21	67	0.420121
21	68	0.505537
21	69	2.60494
21	70	0.929231
21	71	0.789692
21	72	1.71159
21	73	1.24512
21	74	2.42694
21	75	0.158054
21	76	0.588519
21	77	0.960019
21	78	1.27586
21	79	0.796497
21	80	1.98245
21	81	1.33133
21	82	9.80834
21	83	0.990638
21	84	0.492667
21	85	0.20566
21	86	0.818145
21	87	15.3024
21	88	1.01986
21	89	93.776
21	90	1.23256
21	91	1.1643
21	92	0.772552
21	93	46.9014
21	94	0.542643
21	95	1.39477
21	96	1.06128
21	97	6.40356
21	98	0.76696
21	99	0.749489
21	100	1.96086
21	101	1.47553
21	102	0.832202
21	103	0.998935
21	104	0.235234
21	105	0.369891

22	23	0.456012
22	24	1.34089
22	25	0.737284
22	26	0.574132
22	27	1.55016
22	28	2.1926
22	29	4.65399
22	30	0.75655
22	31	6.69464
22	32	0.791652
22	33	0.527961
22	34	0.598265
22	35	0.637037
22	36	0.662153
22	37	0.899388
22	38	0.40031
22	39	0.770556
22	40	0.955232
22	41	1.0047
22	42	1.26302
22	43	1.14515
22	44	0.902159
22	45	0.620893
22	46	0.811189
22	47	0.283783
22	48	1.13016
22	49	0.431846
22	50	0.498049
22	51	1.62701
22	52	0.605668
22	53	0.811408
22	54	0.67437
22	55	0.865098
22	56	0.227524
22	57	0.411206
22	58	3.39351
22	59	0.772571
22	60	0.836364
22	61	0.879037
22	62	1.34516
22	63	0.647772
22	64	0.901957
22	65	0.497016
22	66	2.22016
22	67	0.384567
22	68	0.678814
22	69	2.65088
22	70	0.646253
22	71	0.89007
22	72	1.78896
22	73	1.29505
22	74	2.45179
22	75	0.374851
22	76	0.716579
22	77	1.02226
22	78	1.2568
22	79	0.961572
22	80	2.08031
22	81	1.37423
22	82	9.86169
22	83	1.09414
22	84	0.401954
22	85	0.482307
22	86	0.779446
22	87	15.3555
22	88	1.09476
22	89	93.8308
22	90	1.32674
22	91	1.28367
22	92	0.871451
22	93	46.9503
22	94	0.752458
22	95	1.52453
22	96	1.15724
22	97	6.45133
22	98	0.560301
22	99	0.831799
22	100	2.02154
22	101	1.4807
22	102	0.96345
22	103	1.0853
22	104	0.485105
22	105	0.404938

23	24	1.35821
23	25	0.754934
23	26	0.323376
23	27	1.55525
23	28	2.23669
23	29	4.72734
23	30	0.878874
23	31	6.76717
23	32	0.759475
23	33	0.357496
23	34	0.770061
23	35	0.953919
23	36	0.488052
23	37	0.84594
23	38	0.28208
23	39	0.749652
23	40	1.02526
23	41	0.880649
23	42	1.07651
23	43	1.03694
23	44	0.719676
23	45	0.747981
23	46	0.610604
23	47	0.542732
23	48	0.964751
23	49	0.625218
23	50	0.716246
23	51	1.70651
23	52	0.728183
23	53	0.902208
23	54	0.529385
23	55	0.983532
23	56	0.466027
23	57	0.405678
23	58	3.45255
23	59	0.853079
23	60	0.699501
23	61	0.644276
23	62	1.15095
23	63	0.676735
23	64	0.701211
23	65	0.665271
23	66	2.28278
23	67	0.471004
23	68	0.644836
23	69	2.76017
23	70	0.813394
23	71	0.778981
23	72	1.88393
23	73	1.44318
23	74	2.59564
23	75	0.261779
23	76	0.444412
23	77	0.870334
23	78	1.44043
23	79	0.741391
23	80	2.15792
23	81	1.46558
23	82	9.94622
23	83	0.901178
23	84	0.468828
23	85	0.370118
23	86	0.960986
23	87	15.4237
23	88	0.916502
23	89	93.9011
23	90	1.37747
23	91	1.34414
23	92	0.779077
23	93	47.0291
23	94	0.658081
23	95	1.58903
23	96	1.16259
23	97	6.53981
23	98	0.750377
23	99	0.678253
23	100	2.03211
23	101	1.59582
23	102	0.969632
23	103	0.913303
23	104	0.400951
23	105	0.509874

24	25	0.676265
24	26	1.48548
24	27	0.43435
24	28	0.911524
24	29	3.38823
24	30	0.940807
24	31	5.44433
24	32	1.4052
24	33	1.53002
24	34	1.79386
24	35	1.70929
24	36	1.76022
24	37	2.13909
24	38	1.47168
24	39	1.46131
24	40	0.643203
24	41	0.909753
24	42	2.38601
24	43	0.478084
24	44	1.97235
24	45	1.28671
24	46	1.74365
24	47	1.20695
24	48	2.27423
24	49	1.08048
24	50	1.66141
24	51	0.642418
24	52	1.68708
24	53	0.871199
24	54	1.62272
24	55	0.860477
24	56	1.25441
24	57	1.55362
24	58	2.12283
24	59	0.90086
24	60	2.00903
24	61	1.93117
24	62	2.45259
24	63	0.760299
24	64	1.99402
24	65	1.32583
24	66	0.948045
24	67	1.35878
24	68	0.745479
24	69	1.45146
24	70	1.85911
24	71	1.97495
24	72	0.729411
24	73	0.73479
24	74	1.35326
24	75	1.18744
24	76	1.77644
24	77	2.18425
24	78	0.77372
24	79	1.99831
24	80	0.945375
24	81	0.3332
24	82	8.60552
24	83	2.20743
24	84	1.58713
24	85	1.16381
24	86	0.742731
24	87	14.0803
24	88	2.24348
24	89	92.5561
24	90	0.323534
24	91	0.753575
24	92	1.9681
24	93	45.6828
24	94	1.45925
24	95	0.733729
24	96	0.350876
24	97	5.19577
24	98	1.76407
24	99	1.97404
24	100	0.868369
24	101	0.431286
24	102	0.439631
24	103	2.21938
24	104	1.03518
24	105	1.41693

25	26	0.845286
25	27	0.927435
25	28	1.52572
25	29	4.00836
25	30	0.413752
25	31	6.06104
25	32	0.824011
25	33	0.938159
25	34	1.19673
25	35	1.11041
25	36	1.11043
25	37	1.5011
25	38	0.862526
25	39	0.875935
25	40	0.333407
25	41	0.534933
25	42	1.77187
25	43	0.513019
25	44	1.34634
25	45	0.677899
25	46	1.12596
25	47	0.663783
25	48	1.64581
25	49	0.491701
25	50	1.11902
25	51	0.97732
25	52	1.06031
25	53	0.406556
25	54	0.984546
25	55	0.425154
25	56	0.668197
25	57	0.92581
25	58	2.75546
25	59	0.391456
25	60	1.38874
25	61	1.32381
25	62	1.83539
25	63	0.208423
25	64	1.38054
25	65	0.697247
25	66	1.58316
25	67	0.725561
25	68	0.18716
25	69	2.01733
25	70	1.30103
25	71	1.32746
25	72	1.14179
25	73	0.752472
25	74	1.8562
25	75	0.550254
25	76	1.17222
25	77	1.5581
25	78	0.749483
25	79	1.38566
25	80	1.41507
25	81	0.737291
25	82	9.21418
25	83	1.58643
25	84	0.936419
25	85	0.550804
25	86	0.379941
25	87	14.7132
25	88	1.62119
25	89	93.1867
25	90	0.676263
25	91	0.70158
25	92	1.3337
25	93	46.3093
25	94	0.86721
25	95	0.886297
25	96	0.53633
25	97	5.81097
25	98	1.14002
25	99	1.34792
25	100	1.44869
25	101	0.925394
25	102	0.307192
25	103	1.58982
25	104	0.428731
25	105	0.770989

26	27	1.68265
26	28	2.34531
26	29	4.82341
26	30	0.834315
26	31	6.87305
26	32	0.640069
26	33	0.42662
26	34	0.764408
26	35	0.846924
26	36	0.308346
26	37	0.750291
26	38	0.37761
26	39	0.645145
26	40	1.04487
26	41	0.884547
26	42	0.990188
26	43	1.16619
26	44	0.596265
26	45	0.639253
26	46	0.432172
26	47	0.720253
26	48	0.859677
26	49	0.668199
26	50	0.873299
26	51	1.74587
26	52	0.672903
26	53	0.896959
26	54	0.33544
26	55	0.973217
26	56	0.602759
26	57	0.368164
26	58	3.57389
26	59	0.835375
26	60	0.6616
26	61	0.583722
26	62	1.04345
26	63	0.785336
26	64	0.630699
26	65	0.582201
26	66	2.40738
26	67	0.460412
26	68	0.763832
26	69	2.8371
26	70	0.939215
26	71	0.573884
26	72	1.93514
26	73	1.45692
26	74	2.65798
26	75	0.370097
26	76	0.435532
26	77	0.779879
26	78	1.46589
26	79	0.630506
26	80	2.19753
26	81	1.56404
26	82	10.0288
26	83	0.799465
26	84	0.429469
26	85	0.459192
26	86	1.01965
26	87	15.5286
26	88	0.83697
26	89	93.9995
26	90	1.4695
26	91	1.35259
26	92	0.617301
26	93	47.1244
26	94	0.553402
26	95	1.58144
26	96	1.28723
26	97	6.63079
26	98	0.725068
26	99	0.586044
26	100	2.19963
26	101	1.74776
26	102	1.08944
26	103	0.796445
26	104	0.517303
26	105	0.42306

27	28	0.84711
27	29	3.21032
27	30	1.18314
27	31	5.29313
27	32	1.7107
27	33	1.75948
27	34	2.04048
27	35	1.91494
27	36	1.9676
27	37	2.33837
27	38	1.69094
27	39	1.77285
27	40	0.906242
27	41	1.19928
27	42	2.59708
27	43	0.629079
27	44	2.19879
27	45	1.56529
27	46	1.97277
27	47	1.42356
27	48	2.49031
27	49	1.3102
27	50	1.90622
27	51	0.810916
27	52	1.97248
27	53	1.143
27	54	1.86364
27	55	1.15286
27	56	1.51282
27	57	1.74712
27	58	1.94436
27	59	1.20861
27	60	2.22118
27	61	2.14401
27	62	2.66367
27	63	0.970799
27	64	2.21505
27	65	1.59378
27	66	0.815336
27	67	1.61084
27	68	0.988574
27	69	1.38348
27	70	2.07303
27	71	2.2094
27	72	0.866622
27	73	0.938309
27	74	1.29486
27	75	1.41449
27	76	1.94914
27	77	2.39899
27	78	1.01475
27	79	2.21547
27	80	0.982347
27	81	0.509516
27	82	8.4698
27	83	2.41924
27	84	1.82734
27	85	1.42063
27	86	0.918352
27	87	13.9012
27	88	2.44554
27	89	92.381
27	90	0.386346
27	91	1.09005
27	92	2.20752
27	93	45.514
27	94	1.74746
27	95	0.896665
27	96	0.454342
27	97	5.04404
27	98	2.01703
27	99	2.17938
27	100	0.578684
27	101	0.543357
27	102	0.670773
27	103	2.43365
27	104	1.25226
27	105	1.65793

28	29	2.5182
28	30	1.69541
28	31	4.56796
28	32	2.17517
28	33	2.41375
28	34	2.64559
28	35	2.49311
28	36	2.62218
28	37	3.01045
28	38	2.35538
28	39	2.24009
28	40	1.38124
28	41	1.65226
28	42	3.25537
28	43	1.28343
28	44	2.82847
28	45	2.06908
28	46	2.59165
28	47	2.0385
28	48	3.14098
28	49	1.92172
28	50	2.48951
28	51	0.826748
28	52	2.49453
28	53	1.63674
28	54	2.46187
28	55	1.58241
28	56	2.11705
28	57	2.43449
28	58	1.26463
28	59	1.67817
28	60	2.87907
28	61	2.80033
28	62	3.31669
28	63	1.62272
28	64	2.87029
28	65	2.13377
28	66	0.352554
28	67	2.18401
28	68	1.61039
28	69	0.718366
28	70	2.68592
28	71	2.81827
28	72	0.667038
28	73	1.23793
28	74	0.828296
28	75	2.05506
28	76	2.65689
28	77	3.06092
28	78	1.23787
28	79	2.85777
28	80	0.629292
28	81	0.840283
28	82	7.71504
28	83	3.07369
28	84	2.43915
28	85	2.01731
28	86	1.50342
28	87	13.2025
28	88	3.11659
28	89	91.6737
28	90	0.952394
28	91	1.27645
28	92	2.82482
28	93	44.7994
28	94	2.25237
28	95	1.07523
28	96	1.16124
28	97	4.31092
28	98	2.5726
28	99	2.84706
28	100	0.755653
28	101	0.826119
28	102	1.28581
28	103	3.08399
28	104	1.89712
28	105	2.25534

29	30	4.12328
29	31	2.21453
29	32	4.64998
29	33	4.90452
29	34	5.10045
29	35	4.86677
29	36	5.10814
29	37	5.49058
29	38	4.84111
29	39	4.71895
29	40	3.83651
29	41	4.13452
29	42	5.75627
29	43	3.74795
29	44	5.32763
29	45	4.51172
29	46	5.0771
29	47	4.49954
29	48	5.64117
29	49	4.3579
29	50	4.94841
29	51	3.19061
29	52	4.97198
29	53	4.08049
29	54	4.95144
29	55	4.01908
29	56	4.5895
29	57	4.89032
29	58	1.31865
29	59	4.13622
29	60	5.3786
29	61	5.30042
29	62	5.81614
29	63	4.09668
29	64	5.36833
29	65	4.58339
29	66	2.46853
29	67	4.67083
29	68	4.10649
29	69	2.07676
29	70	5.13455
29	71	5.30263
29	72	2.99971
29	73	3.55645
29	74	2.34629
29	75	4.54851
29	76	5.1393
29	77	5.55592
29	78	3.57191
29	79	5.35546
29	80	2.73796
29	81	3.29735
29	82	5.28089
29	83	5.57366
29	84	4.91757
29	85	4.52223
29	86	3.91708
29	87	10.7151
29	88	5.61389
29	89	89.1895
29	90	3.38186
29	91	3.69133
29	92	5.30725
29	93	42.3142
29	94	4.74476
29	95	3.38966
29	96	3.58733
29	97	1.85002
29	98	5.04002
29	99	5.3375
29	100	2.83473
29	101	3.21042
29	102	3.77377
29	103	5.58277
29	104	4.39073
29	105	4.72676

30	31	6.18278
30	32	0.692681
30	33	0.984717
30	34	1.13971
30	35	0.898491
30	36	1.06801
30	37	1.43848
30	38	0.905258
30	39	0.754165
30	40	0.34051
30	41	0.62829
30	42	1.74857
30	43	0.852231
30	44	1.30431
30	45	0.450943
30	46	1.07607
30	47	0.771276
30	48	1.60646
30	49	0.474693
30	50	1.16787
30	51	1.04398
30	52	0.950011
30	53	0.370266
30	54	0.905375
30	55	0.354377
30	56	0.719965
30	57	0.902502
30	58	2.91862
30	59	0.241791
30	60	1.3789
30	61	1.33253
30	62	1.80064
30	63	0.466183
30	64	1.37412
30	65	0.506676
30	66	1.76534
30	67	0.676968
30	68	0.501362
30	69	2.08978
30	70	1.33851
30	71	1.21739
30	72	1.21534
30	73	0.72854
30	74	1.90161
30	75	0.637113
30	76	1.2188
30	77	1.52459
30	78	0.713225
30	79	1.36308
30	80	1.47399
30	81	0.89966
30	82	9.29381
30	83	1.55889
30	84	0.887504
30	85	0.63803
30	86	0.405958
30	87	14.8282
30	88	1.6034
30	89	93.2881
30	90	0.860604
30	91	0.668314
30	92	1.23716
30	93	46.4038
30	94	0.787287
30	95	0.884694
30	96	0.824368
30	97	5.9034
30	98	1.05036
30	99	1.31849
30	100	1.72571
30	101	1.14612
30	102	0.622744
30	103	1.54683
30	104	0.574548
30	105	0.655369

31	32	6.66803
31	33	6.96674
31	34	7.16253
31	35	6.90773
31	36	7.15336
31	37	7.54961
31	38	6.89824
31	39	6.73054
31	40	5.89953
31	41	6.17977
31	42	7.80526
31	43	5.81565
31	44	7.37981
31	45	6.53388
31	46	7.1426
31	47	6.50662
31	48	7.68808
31	49	6.3937
31	50	6.93084
31	51	5.27378
31	52	6.97558
31	53	6.1597
31	54	7.00205
31	55	6.07249
31	56	6.61498
31	57	6.94999
31	58	3.36747
31	59	6.1832
31	60	7.42538
31	61	7.35337
31	62	7.86574
31	63	6.17013
31	64	7.42082
31	65	6.61783
31	66	4.55974
31	67	6.68512
31	68	6.15952
31	69	4.17443
31	70	7.10623
31	71	7.35027
31	72	5.0618
31	73	5.65309
31	74	4.4645
31	75	6.59074
31	76	7.19343
31	77	7.60518
31	78	5.59746
31	79	7.4118
31	80	4.83768
31	81	5.34545
31	82	3.39033
31	83	7.62184
31	84	6.9396
31	85	6.56661
31	86	5.97676
31	87	8.75024
31	88	7.66433
31	89	87.1916
31	90	5.47895
31	91	5.70816
31	92	7.36886
31	93	40.314
31	94	6.77221
31	95	5.48384
31	96	5.64894
31	97	1.01189
31	98	7.03257
31	99	7.39838
31	100	4.87084
31	101	5.25459
31	102	5.84078
31	103	7.62937
31	104	6.45042
31	105	6.78612

32	33	0.744951
32	34	0.996617
32	35	0.998087
32	36	0.740942
32	37	1.10333
32	38	0.73594
32	39	0.224468
32	40	0.87708
32	41	0.674585
32	42	1.29228
32	43	1.20148
32	44	0.855252
32	45	0.417932
32	46	0.716345
32	47	0.860631
32	48	1.15512
32	49	0.766552
32	50	1.00003
32	51	1.58875
32	52	0.542546
32	53	0.84445
32	54	0.490858
32	55	0.866952
32	56	0.710731
32	57	0.823874
32	58	3.43343
32	59	0.580131
32	60	0.997042
32	61	0.929408
32	62	1.32959
32	63	0.848639
32	64	0.964985
32	65	0.468126
32	66	2.29431
32	67	0.489258
32	68	0.786248
32	69	2.62899
32	70	1.16165
32	71	0.762246
32	72	1.75269
32	73	1.35926
32	74	2.50297
32	75	0.596489
32	76	0.973888
32	77	1.11366
32	78	1.30142
32	79	0.925116
32	80	2.02812
32	81	1.43758
32	82	9.76342
32	83	1.11491
32	84	0.638936
32	85	0.505292
32	86	1.01179
32	87	15.3231
32	88	1.19166
32	89	93.7694
32	90	1.4201
32	91	0.993297
32	92	0.811017
32	93	46.887
32	94	0.265314
32	95	1.45319
32	96	1.33569
32	97	6.40479
32	98	0.755356
32	99	0.958087
32	100	2.22929
32	101	1.65814
32	102	1.0658
32	103	1.10017
32	104	0.665703
32	105	0.498522

33	34	0.523273
33	35	0.927997
33	36	0.434526
33	37	0.665161
33	38	0.168674
33	39	0.71529
33	40	1.15914
33	41	0.973325
33	42	0.887688
33	43	1.22338
33	44	0.52177
33	45	0.802304
33	46	0.424938
33	47	0.712355
33	48	0.781473
33	49	0.77554
33	50	0.723525
33	51	1.81949
33	52	0.655564
33	53	0.955265
33	54	0.421576
33	55	1.0691
33	56	0.534608
33	57	0.400227
33	58	3.64262
33	59	0.930092
33	60	0.516871
33	61	0.457559
33	62	0.965278
33	63	0.82763
33	64	0.494916
33	65	0.692262
33	66	2.45026
33	67	0.570125
33	68	0.822636
33	69	2.90472
33	70	0.844519
33	71	0.618566
33	72	2.01214
33	73	1.52694
33	74	2.71885
33	75	0.451093
33	76	0.403667
33	77	0.683092
33	78	1.57445
33	79	0.545284
33	80	2.28203
33	81	1.64591
33	82	10.1096
33	83	0.723921
33	84	0.485591
33	85	0.456824
33	86	1.12481
33	87	15.6007
33	88	0.74457
33	89	94.0731
33	90	1.54066
33	91	1.44927
33	92	0.545118
33	93	47.1997
33	94	0.612657
33	95	1.69188
33	96	1.37284
33	97	6.7044
33	98	0.730174
33	99	0.483084
33	100	2.24605
33	101	1.76056
33	102	1.14202
33	103	0.740684
33	104	0.550663
33	105	0.452945

34	35	0.691072
34	36	0.642065
34	37	0.601633
34	38	0.511786
34	39	0.947037
34	40	1.36418
34	41	1.31496
34	42	0.954866
34	43	1.57769
34	44	0.681623
34	45	0.919746
34	46	0.672706
34	47	0.837188
34	48	0.833778
34	49	0.896089
34	50	0.65111
34	51	1.99452
34	52	0.679604
34	53	1.10764
34	54	0.679835
34	55	1.19257
34	56	0.651738
34	57	0.543217
34	58	3.86256
34	59	1.13867
34	60	0.60715
34	61	0.701737
34	62	1.03147
34	63	1.08991
34	64	0.664349
34	65	0.766861
34	66	2.66636
34	67	0.710702
34	68	1.12616
34	69	3.06546
34	70	0.765941
34	71	0.71809
34	72	2.17613
34	73	1.6271
34	74	2.83342
34	75	0.772561
34	76	0.731747
34	77	0.729161
34	78	1.65339
34	79	0.742657
34	80	2.45418
34	81	1.84697
34	82	10.2928
34	83	0.830534
34	84	0.537716
34	85	0.78215
34	86	1.26286
34	87	15.7937
34	88	0.826732
34	89	94.2577
34	90	1.77508
34	91	1.67414
34	92	0.624449
34	93	47.3751
34	94	0.905208
34	95	1.86553
34	96	1.64697
34	97	6.87827
34	98	0.631772
34	99	0.60591
34	100	2.52548
34	101	1.94022
34	102	1.41814
34	103	0.813484
34	104	0.881895
34	105	0.583035

35	36	0.839294
35	37	0.959539
35	38	0.827627
35	39	0.978945
35	40	1.19583
35	41	1.34911
35	42	1.39357
35	43	1.58558
35	44	1.07449
35	45	0.693806
35	46	0.990643
35	47	0.813971
35	48	1.23946
35	49	0.693582
35	50	0.864964
35	51	1.83022
35	52	0.750568
35	53	1.01755
35	54	0.872589
35	55	1.02184
35	56	0.721732
35	57	0.656226
35	58	3.66998
35	59	1.00347
35	60	1.05145
35	61	1.13447
35	62	1.44973
35	63	1.06334
35	64	1.11096
35	65	0.598253
35	66	2.51985
35	67	0.697339
35	68	1.12319
35	69	2.83782
35	70	0.917057
35	71	0.941828
35	72	1.98631
35	73	1.40778
35	74	2.58652
35	75	0.848223
35	76	1.03823
35	77	1.14358
35	78	1.3543
35	79	1.15751
35	80	2.25199
35	81	1.66204
35	82	10.0379
35	83	1.24025
35	84	0.614099
35	85	0.937231
35	86	1.01525
35	87	15.5586
35	88	1.24217
35	89	94.0137
35	90	1.63545
35	91	1.51038
35	92	0.954141
35	93	47.1227
35	94	1.02135
35	95	1.66709
35	96	1.52499
35	97	6.6381
35	98	0.6541
35	99	1.00772
35	100	2.41764
35	101	1.81606
35	102	1.36512
35	103	1.19805
35	104	0.964968
35	105	0.631055

36	37	0.472871
36	38	0.425901
36	39	0.707432
36	40	1.30409
36	41	1.12281
36	42	0.723872
36	43	1.44793
36	44	0.35712
36	45	0.784784
36	46	0.348973
36	47	0.846659
36	48	0.57787
36	49	0.867316
36	50	0.81981
36	51	2.00647
36	52	0.592127
36	53	1.12544
36	54	0.309782
36	55	1.19666
36	56	0.713165
36	57	0.401841
36	58	3.85553
36	59	1.06099
36	60	0.407249
36	61	0.379645
36	62	0.77738
36	63	1.04215
36	64	0.392991
36	65	0.701931
36	66	2.68415
36	67	0.56751
36	68	1.02605
36	69	3.10737
36	70	0.835237
36	71	0.332009
36	72	2.19423
36	73	1.69638
36	74	2.9201
36	75	0.587958
36	76	0.330413
36	77	0.500503
36	78	1.69549
36	79	0.415754
36	80	2.46687
36	81	1.83128
36	82	10.306
36	83	0.535248
36	84	0.388864
36	85	0.651767
36	86	1.26293
36	87	15.8144
36	88	0.564207
36	89	94.285
36	90	1.74736
36	91	1.58592
36	92	0.388466
36	93	47.4081
36	94	0.628291
36	95	1.8426
36	96	1.56947
36	97	6.91005
36	98	0.616888
36	99	0.335848
36	100	2.47655
36	101	2.00008
36	102	1.3595
36	103	0.518997
36	104	0.755905
36	105	0.505615

37	38	0.687719
37	39	1.05238
37	40	1.69095
37	41	1.53352
37	42	0.469334
37	43	1.83438
37	44	0.403165
37	45	1.14441
37	46	0.606684
37	47	1.11984
37	48	0.348142
37	49	1.20554
37	50	0.905619
37	51	2.38005
37	52	0.790112
37	53	1.47584
37	54	0.668679
37	55	1.56276
37	56	0.989356
37	57	0.651246
37	58	4.23636
37	59	1.43894
37	60	0.271446
37	61	0.427728
37	62	0.541592
37	63	1.40014
37	64	0.359772
37	65	1.02881
37	66	3.05038
37	67	0.915553
37	68	1.40821
37	69	3.4752
37	70	0.854829
37	71	0.440671
37	72	2.5718
37	73	2.03939
37	74	3.2664
37	75	0.972242
37	76	0.50495
37	77	0.258932
37	78	2.05442
37	79	0.439329
37	80	2.84632
37	81	2.20826
37	82	10.6965
37	83	0.366943
37	84	0.67641
37	85	1.02389
37	86	1.60549
37	87	16.2007
37	88	0.322082
37	89	94.6736
37	90	2.11574
37	91	1.97756
37	92	0.395824
37	93	47.7957
37	94	0.979445
37	95	2.22219
37	96	1.94658
37	97	7.29108
37	98	0.75204
37	99	0.257971
37	100	2.8323
37	101	2.34279
37	102	1.73463
37	103	0.332507
37	104	1.1223
37	105	0.807735

38	39	0.706021
38	40	1.09235
38	41	0.960458
38	42	0.964657
38	43	1.17959
38	44	0.598456
38	45	0.727793
38	46	0.497319
38	47	0.590803
38	48	0.849078
38	49	0.657091
38	50	0.643008
38	51	1.76901
38	52	0.616634
38	53	0.904896
38	54	0.443181
38	55	1.00534
38	56	0.432865
38	57	0.285328
38	58	3.57777
38	59	0.874721
38	60	0.566078
38	61	0.542688
38	62	1.04371
38	63	0.753612
38	64	0.575411
38	65	0.60088
38	66	2.38687
38	67	0.476977
38	68	0.756312
38	69	2.83795
38	70	0.765087
38	71	0.655321
38	72	1.95506
38	73	1.46448
38	74	2.6502
38	75	0.360796
38	76	0.416674
38	77	0.736868
38	78	1.48988
38	79	0.632862
38	80	2.22823
38	81	1.56851
38	82	10.0528
38	83	0.794806
38	84	0.39701
38	85	0.414931
38	86	1.02122
38	87	15.5429
38	88	0.806949
38	89	94.018
38	90	1.47502
38	91	1.39693
38	92	0.599642
38	93	47.1429
38	94	0.623748
38	95	1.64216
38	96	1.29174
38	97	6.64432
38	98	0.661582
38	99	0.537875
38	100	2.17756
38	101	1.6832
38	102	1.07944
38	103	0.802906
38	104	0.48671
38	105	0.389216

39	40	0.946897
39	41	0.730793
39	42	1.23946
39	43	1.26221
39	44	0.809793
39	45	0.438864
39	46	0.701223
39	47	0.842009
39	48	1.10142
39	49	0.777432
39	50	0.931458
39	51	1.66004
39	52	0.46019
39	53	0.905604
39	54	0.470602
39	55	0.924275
39	56	0.683856
39	57	0.79989
39	58	3.49663
39	59	0.643514
39	60	0.941247
39	61	0.888429
39	62	1.27724
39	63	0.892729
39	64	0.915815
39	65	0.456668
39	66	2.35437
39	67	0.463326
39	68	0.830622
39	69	2.69274
39	70	1.09091
39	71	0.720303
39	72	1.8196
39	73	1.4231
39	74	2.56725
39	75	0.602858
39	76	0.946547
39	77	1.05577
39	78	1.35572
39	79	0.886566
39	80	2.10065
39	81	1.49484
39	82	9.83052
39	83	1.06595
39	84	0.592057
39	85	0.516755
39	86	1.05819
39	87	15.3907
39	88	1.13856
39	89	93.8374
39	90	1.48507
39	91	1.05373
39	92	0.764131
39	93	46.9543
39	94	0.269793
39	95	1.53057
39	96	1.38741
39	97	6.47179
39	98	0.68561
39	99	0.915356
39	100	2.28298
39	101	1.70004
39	102	1.12023
39	103	1.04949
39	104	0.693036
39	105	0.488623

40	41	0.54767
40	42	1.96937
40	43	0.618142
40	44	1.52353
40	45	0.726779
40	46	1.28194
40	47	0.900581
40	48	1.83718
40	49	0.672721
40	50	1.34424
40	51	0.743137
40	52	1.19504
40	53	0.359961
40	54	1.1307
40	55	0.323342
40	56	0.892884
40	57	1.14044
40	58	2.61924
40	59	0.340727
40	60	1.59696
40	61	1.52956
40	62	2.02392
40	63	0.4406
40	64	1.58469
40	65	0.786189
40	66	1.46421
40	67	0.892564
40	68	0.44953
40	69	1.81595
40	70	1.53404
40	71	1.47191
40	72	0.915176
40	73	0.530019
40	74	1.64792
40	75	0.790757
40	76	1.41095
40	77	1.75812
40	78	0.555108
40	79	1.56933
40	80	1.18696
40	81	0.611928
40	82	9.01504
40	83	1.78084
40	84	1.13341
40	85	0.759424
40	86	0.389008
40	87	14.541
40	88	1.82699
40	89	93.0043
40	90	0.572861
40	91	0.460151
40	92	1.48475
40	93	46.1233
40	94	0.964063
40	95	0.621986
40	96	0.60065
40	97	5.62128
40	98	1.29737
40	99	1.54545
40	100	1.44477
40	101	0.879714
40	102	0.388462
40	103	1.77848
40	104	0.662059
40	105	0.907192

41	42	1.69266
41	43	0.666885
41	44	1.25842
41	45	0.769921
41	46	1.02056
41	47	0.983444
41	48	1.58336
41	49	0.857653
41	50	1.32093
41	51	1.08131
41	52	1.08661
41	53	0.586458
41	54	0.899006
41	55	0.635464
41	56	0.917493
41	57	1.09858
41	58	2.90869
41	59	0.490163
41	60	1.3796
41	61	1.25966
41	62	1.73541
41	63	0.58998
41	64	1.33399
41	65	0.82172
41	66	1.77624
41	67	0.82602
41	68	0.485905
41	69	2.16303
41	70	1.51246
41	71	1.25243
41	72	1.26224
41	73	1.00286
41	74	2.05371
41	75	0.698848
41	76	1.22034
41	77	1.5272
41	78	1.03999
41	79	1.28567
41	80	1.5204
41	81	1.00676
41	82	9.27656
41	83	1.51351
41	84	1.0589
41	85	0.580962
41	86	0.831902
41	87	14.8029
41	88	1.58216
41	89	93.2548
41	90	0.943546
41	91	0.660572
41	92	1.2711
41	93	46.3814
41	94	0.685337
41	95	0.972872
41	96	0.897846
41	97	5.90535
41	98	1.25161
41	99	1.33267
41	100	1.71269
41	101	1.2434
41	102	0.617367
41	103	1.52416
41	104	0.583862
41	105	0.84927

42	43	2.03685
42	44	0.458899
42	45	1.45001
42	46	0.731316
42	47	1.45077
42	48	0.177288
42	49	1.55223
42	50	1.2137
42	51	2.63968
42	52	1.06691
42	53	1.75471
42	54	0.86589
42	55	1.85008
42	56	1.31316
42	57	1.00775
42	58	4.49391
42	59	1.71169
42	60	0.435322
42	61	0.457761
42	62	0.114263
42	63	1.67988
42	64	0.406462
42	65	1.35621
42	66	3.31456
42	67	1.21004
42	68	1.65775
42	69	3.75863
42	70	1.16731
42	71	0.60542
42	72	2.83806
42	73	2.34771
42	74	3.57393
42	75	1.24016
42	76	0.691949
42	77	0.272018
42	78	2.37508
42	79	0.415678
42	80	3.11001
42	81	2.4926
42	82	10.9474
42	83	0.19613
42	84	1.00719
42	85	1.25149
42	86	1.94536
42	87	16.4496
42	88	0.198678
42	89	94.9167
42	90	2.39147
42	91	2.21426
42	92	0.57762
42	93	48.0457
42	94	1.13752
42	95	2.48493
42	96	2.21531
42	97	7.55402
42	98	1.08496
42	99	0.455174
42	100	3.08164
42	101	2.63245
42	102	1.98928
42	103	0.221375
42	104	1.37653
42	105	1.13

43	44	1.64003
43	45	1.15471
43	46	1.41125
43	47	1.0584
43	48	1.93913
43	49	0.961125
43	50	1.4994
43	51	0.914952
43	52	1.49707
43	53	0.758586
43	54	1.32153
43	55	0.823028
43	56	1.08729
43	57	1.28794
43	58	2.4833
43	59	0.809972
43	60	1.68675
43	61	1.58221
43	62	2.0987
43	63	0.536626
43	64	1.6593
43	65	1.17068
43	66	1.32932
43	67	1.15027
43	68	0.499063
43	69	1.85112
43	70	1.67946
43	71	1.67396
43	72	1.07434
43	73	0.910855
43	74	1.7449
43	75	0.914195
43	76	1.42658
43	77	1.85721
43	78	1.00771
43	79	1.6486
43	80	1.28396
43	81	0.697595
43	82	8.9704
43	83	1.86242
43	84	1.35758
43	85	0.883951
43	86	0.742249
43	87	14.4281
43	88	1.90014
43	89	92.9011
43	90	0.531269
43	91	0.867916
43	92	1.66823
43	93	46.0355
43	94	1.20352
43	95	0.891986
43	96	0.408572
43	97	5.56333
43	98	1.5834
43	99	1.64424
43	100	1.1246
43	101	0.834034
43	102	0.311198
43	103	1.88271
43	104	0.741291
43	105	1.18411

44	45	1.01996
44	46	0.308054
44	47	1.09572
44	48	0.334094
44	49	1.15486
44	50	0.964403
44	51	2.19646
44	52	0.702851
44	53	1.31435
44	54	0.414225
44	55	1.4067
44	56	0.939711
44	57	0.675945
44	58	4.07564
44	59	1.26353
44	60	0.265113
44	61	0.183458
44	62	0.506636
44	63	1.26308
44	64	0.193114
44	65	0.932492
44	66	2.89741
44	67	0.80264
44	68	1.23974
44	69	3.31992
44	70	0.99077
44	71	0.258207
44	72	2.39376
44	73	1.90885
44	74	3.13726
44	75	0.830726
44	76	0.452897
44	77	0.312698
44	78	1.93618
44	79	0.116465
44	80	2.66739
44	81	2.06357
44	82	10.5073
44	83	0.279104
44	84	0.645833
44	85	0.824534
44	86	1.52592
44	87	16.0237
44	88	0.358886
44	89	94.4877
44	90	1.96845
44	91	1.76501
44	92	0.242555
44	93	47.6133
44	94	0.697875
44	95	2.04011
44	96	1.81522
44	97	7.11811
44	98	0.779726
44	99	0.212026
44	100	2.70341
44	101	2.22309
44	102	1.5704
44	103	0.28079
44	104	0.960343
44	105	0.701255

45	46	0.854825
45	47	0.678371
45	48	1.29527
45	49	0.451647
45	50	0.91888
45	51	1.44813
45	52	0.572213
45	53	0.677812
45	54	0.640586
45	55	0.653027
45	56	0.5529
45	57	0.700648
45	58	3.29959
45	59	0.436686
45	60	1.09936
45	61	1.07927
45	62	1.49745
45	63	0.713374
45	64	1.09504
45	65	0.194353
45	66	2.15409
45	67	0.410465
45	68	0.703254
45	69	2.47696
45	70	1.0641
45	71	0.892362
45	72	1.60244
45	73	1.13164
45	74	2.304
45	75	0.536326
45	76	1.0146
45	77	1.21985
45	78	1.04162
45	79	1.09938
45	80	1.87871
45	81	1.26993
45	82	9.65477
45	83	1.26438
45	84	0.562218
45	85	0.554502
45	86	0.741402
45	87	15.2043
45	88	1.31066
45	89	93.66
45	90	1.26745
45	91	0.930168
45	92	0.933106
45	93	46.7727
45	94	0.544138
45	95	1.2947
45	96	1.16536
45	97	6.27984
45	98	0.689675
45	99	1.05277
45	100	2.08705
45	101	1.48422
45	102	0.956006
45	103	1.24038
45	104	0.620939
45	105	0.436306

46	47	1.00749
46	48	0.617263
46	49	0.985488
46	50	1.00511
46	51	1.93404
46	52	0.717592
46	53	1.0566
46	54	0.257917
46	55	1.16124
46	56	0.832518
46	57	0.587792
46	58	3.84009
46	59	1.04332
46	60	0.49572
46	61	0.362232
46	62	0.768945
46	63	1.04467
46	64	0.40774
46	65	0.778959
46	66	2.6608
46	67	0.685074
46	68	1.02588
46	69	3.07096
46	70	1.08669
46	71	0.372449
46	72	2.13957
46	73	1.65109
46	74	2.88103
46	75	0.664285
46	76	0.492452
46	77	0.571264
46	78	1.70779
46	79	0.330616
46	80	2.3994
46	81	1.83707
46	82	10.2592
46	83	0.553332
46	84	0.603723
46	85	0.635855
46	86	1.31678
46	87	15.7725
46	88	0.630365
46	89	94.2326
46	90	1.7277
46	91	1.54749
46	92	0.366295
46	93	47.3584
46	94	0.564999
46	95	1.76444
46	96	1.59386
46	97	6.86643
46	98	0.822861
46	99	0.396
46	100	2.49626
46	101	2.0143
46	102	1.34541
46	103	0.557487
46	104	0.761784
46	105	0.549282

47	48	1.32109
47	49	0.420933
47	50	0.512107
47	51	1.54654
47	52	0.728562
47	53	0.842602
47	54	0.851823
47	55	0.852724
47	56	0.271101
47	57	0.63019
47	58	3.22544
47	59	0.766071
47	60	1.02665
47	61	1.06027
47	62	1.53367
47	63	0.62153
47	64	1.09137
47	65	0.601222
47	66	2.07632
47	67	0.441965
47	68	0.616058
47	69	2.52353
47	70	0.66859
47	71	1.0916
47	72	1.68138
47	73	1.26531
47	74	2.35026
47	75	0.435277
47	76	0.885212
47	77	1.21827
47	78	1.1622
47	79	1.15127
47	80	1.98873
47	81	1.23146
47	82	9.69971
47	83	1.28215
47	84	0.55993
47	85	0.540847
47	86	0.706956
47	87	15.1866
47	88	1.28419
47	89	93.6619
47	90	1.23192
47	91	1.20217
47	92	1.09275
47	93	46.782
47	94	0.848908
47	95	1.48066
47	96	1.03474
47	97	6.29434
47	98	0.663452
47	99	1.04286
47	100	1.85727
47	101	1.32308
47	102	0.868812
47	103	1.27659
47	104	0.51938
47	105	0.609954

48	49	1.40925
48	50	1.0985
48	51	2.51643
48	52	0.917486
48	53	1.62517
48	54	0.730206
48	55	1.71165
48	56	1.17929
48	57	0.876373
48	58	4.38207
48	59	1.57459
48	60	0.328822
48	61	0.371397
48	62	0.231234
48	63	1.56078
48	64	0.303183
48	65	1.20381
48	66	3.20275
48	67	1.06716
48	68	1.54111
48	69	3.63583
48	70	1.05384
48	71	0.454676
48	72	2.71143
48	73	2.2132
48	74	3.44721
48	75	1.11196
48	76	0.599335
48	77	0.16368
48	78	2.23082
48	79	0.326957
48	80	2.98676
48	81	2.3676
48	82	10.8297
48	83	0.115482
48	84	0.855939
48	85	1.1307
48	86	1.81027
48	87	16.3398
48	88	0.131126
48	89	94.8076
48	90	2.27397
48	91	2.08394
48	92	0.443028
48	93	47.9335
48	94	1.0124
48	95	2.358
48	96	2.102
48	97	7.43734
48	98	0.932927
48	99	0.339976
48	100	2.98287
48	101	2.51436
48	102	1.87447
48	103	0.0915205
48	104	1.25796
48	105	0.986939

49	50	0.814944
49	51	1.35307
49	52	0.789279
49	53	0.611469
49	54	0.82584
49	55	0.606862
49	56	0.377422
49	57	0.600897
49	58	3.11679
49	59	0.519633
49	60	1.15469
49	61	1.14886
49	62	1.62032
49	63	0.488952
49	64	1.16819
49	65	0.413345
49	66	1.95126
49	67	0.494917
49	68	0.527558
49	69	2.34879
49	70	0.95901
49	71	1.0918
49	72	1.50212
49	73	1.00359
49	74	2.15168
49	75	0.435915
49	76	0.972286
49	77	1.30289
49	78	0.936815
49	79	1.21471
49	80	1.77449
49	81	1.0922
49	82	9.55911
49	83	1.37043
49	84	0.610559
49	85	0.549026
49	86	0.497558
49	87	15.0619
49	88	1.38534
49	89	93.5347
49	90	1.06796
49	91	1.00495
49	92	1.09582
49	93	46.6514
49	94	0.817766
49	95	1.22935
49	96	0.887231
49	97	6.15594
49	98	0.801933
49	99	1.11798
49	100	1.80369
49	101	1.23716
49	102	0.754882
49	103	1.35825
49	104	0.492946
49	105	0.546134

50	51	1.98135
50	52	0.604238
50	53	1.21145
50	54	0.888931
50	55	1.22953
50	56	0.500675
50	57	0.697906
50	58	3.6727
50	59	1.13052
50	60	0.81982
50	61	0.936369
50	62	1.30588
50	63	1.06365
50	64	0.928428
50	65	0.802936
50	66	2.52713
50	67	0.620123
50	68	1.05094
50	69	2.96344
50	70	0.281972
50	71	0.984829
50	72	2.11671
50	73	1.68196
50	74	2.78684
50	75	0.734116
50	76	0.852133
50	77	0.996893
50	78	1.57497
50	79	1.02972
50	80	2.43355
50	81	1.70073
50	82	10.12
50	83	1.08551
50	84	0.535487
50	85	0.793069
50	86	1.18238
50	87	15.6134
50	88	1.06848
50	89	94.0822
50	90	1.70943
50	91	1.57962
50	92	0.960268
50	93	47.2009
50	94	0.944053
50	95	1.91794
50	96	1.51526
50	97	6.72553
50	98	0.471203
50	99	0.898337
50	100	2.31213
50	101	1.75823
50	102	1.33102
50	103	1.07371
50	104	0.876739
50	105	0.744759

51	52	1.90864
51	53	0.921108
51	54	1.82363
51	55	0.87424
51	56	1.56032
51	57	1.83852
51	58	2.02572
51	59	1.0633
51	60	2.27547
51	61	2.19747
51	62	2.69215
51	63	1.06359
51	64	2.25961
51	65	1.50676
51	66	0.945862
51	67	1.5848
51	68	1.07493
51	69	1.1999
51	70	2.19301
51	71	2.17385
51	72	0.245827
51	73	0.515721
51	74	1.02149
51	75	1.48624
51	76	2.09624
51	77	2.44198
51	78	0.645157
51	79	2.23172
51	80	0.496676
51	81	0.515521
51	82	8.3629
51	83	2.45557
51	84	1.8367
51	85	1.42514
51	86	0.945391
51	87	13.875
51	88	2.50872
51	89	92.3273
51	90	0.547901
51	91	0.812142
51	92	2.182
51	93	45.4465
51	94	1.65967
51	95	0.305333
51	96	0.852432
51	97	4.95201
51	98	1.9864
51	99	2.22532
51	100	1.19643
51	101	0.741836
51	102	0.805505
51	103	2.45807
51	104	1.32659
51	105	1.61515

52	53	1.08123
52	54	0.514355
52	55	1.09684
52	56	0.57943
52	57	0.657687
52	58	3.73295
52	59	0.900045
52	60	0.72695
52	61	0.783764
52	62	1.12376
52	63	1.03914
52	64	0.776478
52	65	0.492555
52	66	2.57836
52	67	0.421945
52	68	1.01384
52	69	2.93709
52	70	0.728594
52	71	0.605425
52	72	2.06272
52	73	1.60533
52	74	2.77621
52	75	0.658665
52	76	0.829555
52	77	0.855016
52	78	1.50967
52	79	0.804495
52	80	2.36279
52	81	1.70124
52	82	10.1047
52	83	0.908847
52	84	0.348076
52	85	0.650621
52	86	1.16507
52	87	15.6545
52	88	0.947919
52	89	94.1107
52	90	1.69974
52	91	1.36855
52	92	0.633926
52	93	47.2242
52	94	0.518366
52	95	1.7907
52	96	1.56918
52	97	6.73242
52	98	0.287432
52	99	0.74547
52	100	2.46095
52	101	1.85823
52	102	1.32365
52	103	0.877289
52	104	0.815032
52	105	0.458932

53	54	0.952585
53	55	0.209728
53	56	0.760036
53	57	0.966811
53	58	2.87465
53	59	0.410516
53	60	1.39124
53	61	1.32668
53	62	1.80952
53	63	0.415218
53	64	1.3755
53	65	0.685338
53	66	1.70075
53	67	0.764256
53	68	0.459285
53	69	2.05474
53	70	1.41605
53	71	1.28738
53	72	1.12217
53	73	0.6115
53	74	1.8395
53	75	0.670883
53	76	1.24564
53	77	1.54656
53	78	0.717119
53	79	1.35718
53	80	1.38451
53	81	0.883721
53	82	9.26673
53	83	1.57171
53	84	0.967028
53	85	0.60579
53	86	0.500934
53	87	14.7798
53	88	1.62155
53	89	93.2385
53	90	0.80139
53	91	0.779394
53	92	1.28672
53	93	46.3572
53	94	0.878643
53	95	0.773667
53	96	0.81569
53	97	5.85802
53	98	1.16222
53	99	1.33212
53	100	1.68394
53	101	1.09468
53	102	0.551319
53	103	1.56845
53	104	0.551255
53	105	0.730594

54	55	1.03322
54	56	0.686713
54	57	0.521109
54	58	3.71305
54	59	0.867032
54	60	0.564896
54	61	0.483848
54	62	0.908903
54	63	0.924926
54	64	0.526372
54	65	0.574575
54	66	2.54159
54	67	0.488032
54	68	0.897415
54	69	2.93566
54	70	0.98522
54	71	0.363344
54	72	2.01674
54	73	1.53944
54	74	2.76069
54	75	0.521318
54	76	0.541219
54	77	0.676863
54	78	1.55428
54	79	0.479723
54	80	2.2877
54	81	1.69127
54	82	10.1215
54	83	0.678521
54	84	0.449239
54	85	0.499633
54	86	1.1627
54	87	15.65
54	88	0.747082
54	89	94.1111
54	90	1.60971
54	91	1.36905
54	92	0.402498
54	93	47.2333
54	94	0.354462
54	95	1.66183
54	96	1.47637
54	97	6.7367
54	98	0.657025
54	99	0.494001
54	100	2.38866
54	101	1.88073
54	102	1.2247
54	103	0.668284
54	104	0.643408
54	105	0.368272

55	56	0.793552
55	57	1.04724
55	58	2.81785
55	59	0.40862
55	60	1.48212
55	61	1.4292
55	62	1.90297
55	63	0.512152
55	64	1.47256
55	65	0.690545
55	66	1.66681
55	67	0.777174
55	68	0.527285
55	69	1.99155
55	70	1.42984
55	71	1.36004
55	72	1.04728
55	73	0.566265
55	74	1.78231
55	75	0.737665
55	76	1.34614
55	77	1.6349
55	78	0.563165
55	79	1.45912
55	80	1.32937
55	81	0.820283
55	82	9.19013
55	83	1.66412
55	84	0.995968
55	85	0.688168
55	86	0.476476
55	87	14.7134
55	88	1.71399
55	89	93.1696
55	90	0.80859
55	91	0.709556
55	92	1.37809
55	93	46.2849
55	94	0.93348
55	95	0.73475
55	96	0.823154
55	97	5.78812
55	98	1.16366
55	99	1.43189
55	100	1.67888
55	101	1.05548
55	102	0.59089
55	103	1.65496
55	104	0.653504
55	105	0.805906

56	57	0.489218
56	58	3.32712
56	59	0.679044
56	60	0.899688
56	61	0.918117
56	62	1.39347
56	63	0.617258
56	64	0.935143
56	65	0.455415
56	66	2.15314
56	67	0.363804
56	68	0.617233
56	69	2.58202
56	70	0.688507
56	71	0.927125
56	72	1.71446
56	73	1.24377
56	74	2.3962
56	75	0.344744
56	76	0.784482
56	77	1.07428
56	78	1.18723
56	79	1.00031
56	80	2.0104
56	81	1.30877
56	82	9.78295
56	83	1.14387
56	84	0.419539
56	85	0.426474
56	86	0.765342
56	87	15.2837
56	88	1.15418
56	89	93.7573
56	90	1.28291
56	91	1.17809
56	92	0.907083
56	93	46.8761
56	94	0.699243
56	95	1.4676
56	96	1.10292
56	97	6.38082
56	98	0.58772
56	99	0.898979
56	100	1.97568
56	101	1.40913
56	102	0.907779
56	103	1.13736
56	104	0.465382
56	105	0.438369

57	58	3.64018
57	59	0.926547
57	60	0.63301
57	61	0.648318
57	62	1.08041
57	63	0.830912
57	64	0.646418
57	65	0.573933
57	66	2.45411
57	67	0.524368
57	68	0.860508
57	69	2.88475
57	70	0.756692
57	71	0.654098
57	72	2.02063
57	73	1.48575
57	74	2.67953
57	75	0.462643
57	76	0.454408
57	77	0.75281
57	78	1.49775
57	79	0.721715
57	80	2.28037
57	81	1.62245
57	82	10.1115
57	83	0.838651
57	84	0.357641
57	85	0.586411
57	86	1.01564
57	87	15.6005
57	88	0.834028
57	89	94.0771
57	90	1.53081
57	91	1.47273
57	92	0.622969
57	93	47.1989
57	94	0.756396
57	95	1.68616
57	96	1.33528
57	97	6.70006
57	98	0.643737
57	99	0.575036
57	100	2.24487
57	101	1.74964
57	102	1.16941
57	103	0.828803
57	104	0.616213
57	105	0.420644

58	59	2.9222
58	60	4.11145
58	61	4.03746
58	62	4.55822
58	63	2.8424
58	64	4.10724
58	65	3.36217
58	66	1.21374
58	67	3.41762
58	68	2.84349
58	69	1.0277
58	70	3.85529
58	71	4.06751
58	72	1.83782
58	73	2.40243
58	74	1.3388
58	75	3.28495
58	76	3.8697
58	77	4.29554
58	78	2.39843
58	79	4.10157
58	80	1.63743
58	81	2.04865
58	82	6.55235
58	83	4.31366
58	84	3.66401
58	85	3.2627
58	86	2.68663
58	87	11.9767
58	88	4.34917
58	89	90.457
58	90	2.14367
58	91	2.50909
58	92	4.07144
58	93	43.5863
58	94	3.51393
58	95	2.25134
58	96	2.32323
58	97	3.13176
58	98	3.79052
58	99	4.08047
58	100	1.54338
58	101	1.9437
58	102	2.51163
58	103	4.32543
58	104	3.12896
58	105	3.49266

59	60	1.34932
59	61	1.28851
59	62	1.76431
59	63	0.463595
59	64	1.32996
59	65	0.508689
59	66	1.76354
59	67	0.652707
59	68	0.451163
59	69	2.10078
59	70	1.32704
59	71	1.19501
59	72	1.22817
59	73	0.806535
59	74	1.94347
59	75	0.605665
59	76	1.20977
59	77	1.4973
59	78	0.780634
59	79	1.31994
59	80	1.49604
59	81	0.907997
59	82	9.29106
59	83	1.5252
59	84	0.875577
59	85	0.555465
59	86	0.5194
59	87	14.8315
59	88	1.57688
59	89	93.2899
59	90	0.885776
59	91	0.574976
59	92	1.20537
59	93	46.4065
59	94	0.686596
59	95	0.934823
59	96	0.845182
59	97	5.90821
59	98	1.0357
59	99	1.29904
59	100	1.73612
59	101	1.1338
59	102	0.601408
59	103	1.51811
59	104	0.539736
59	105	0.650301

60	61	0.22289
60	62	0.524646
60	63	1.29056
60	64	0.197752
60	65	0.987237
60	66	2.93078
60	67	0.818905
60	68	1.27615
60	69	3.37667
60	70	0.810662
60	71	0.431226
60	72	2.46582
60	73	1.97621
60	74	3.1891
60	75	0.84971
60	76	0.380441
60	77	0.241307
60	78	1.98733
60	79	0.28647
60	80	2.74866
60	81	2.09937
60	82	10.5781
60	83	0.289562
60	84	0.62403
60	85	0.874294
60	86	1.54142
60	87	16.0777
60	88	0.284812
60	89	94.5497
60	90	2.01074
60	91	1.86524
60	92	0.384877
60	93	47.6754
60	94	0.841494
60	95	2.13708
60	96	1.83502
60	97	7.17695
60	98	0.726236
60	99	0.164158
60	100	2.70172
60	101	2.2284
60	102	1.60742
60	103	0.295892
60	104	0.991164
60	105	0.75131

61	62	0.52755
61	63	1.22957
61	64	0.132106
61	65	0.983799
61	66	2.85825
61	67	0.823367
61	68	1.2044
61	69	3.30924
61	70	0.959656
61	71	0.415035
61	72	2.39477
61	73	1.92025
61	74	3.13118
61	75	0.800654
61	76	0.331697
61	77	0.317731
61	78	1.95506
61	79	0.137357
61	80	2.6662
61	81	2.04274
61	82	10.4967
61	83	0.290475
61	84	0.669055
61	85	0.805536
61	86	1.51653
61	87	15.9936
61	88	0.338532
61	89	94.4622
61	90	1.93804
61	91	1.79072
61	92	0.373438
61	93	47.5914
61	94	0.762833
61	95	2.05164
61	96	1.76508
61	97	7.10004
61	98	0.836636
61	99	0.190142
61	100	2.63277
61	101	2.18389
61	102	1.53361
61	103	0.325794
61	104	0.924182
61	105	0.740515

62	63	1.74724
62	64	0.479561
62	65	1.41009
62	66	3.3809
62	67	1.27424
62	68	1.72372
62	69	3.81786
62	70	1.25675
62	71	0.631754
62	72	2.89187
62	73	2.40223
62	74	3.63338
62	75	1.30813
62	76	0.767406
62	77	0.347528
62	78	2.43232
62	79	0.464349
62	80	3.16113
62	81	2.557
62	82	11.0009
62	83	0.25954
62	84	1.0753
62	85	1.31625
62	86	2.01207
62	87	16.5082
62	88	0.27674
62	89	94.9723
62	90	2.4544
62	91	2.26119
62	92	0.618062
62	93	48.1015
62	94	1.17778
62	95	2.52995
62	96	2.28267
62	97	7.61173
62	98	1.15046
62	99	0.530244
62	100	3.15467
62	101	2.70613
62	102	2.05452
62	103	0.273943
62	104	1.44331
62	105	1.19048

63	64	1.28855
63	65	0.690688
63	66	1.65507
63	67	0.703636
63	68	0.170988
63	69	2.10628
63	70	1.24665
63	71	1.26438
63	72	1.24426
63	73	0.81726
63	74	1.92867
63	75	0.490112
63	76	1.07044
63	77	1.4672
63	78	0.876885
63	79	1.29547
63	80	1.5073
63	81	0.840396
63	82	9.31635
63	83	1.49811
63	84	0.895691
63	85	0.491948
63	86	0.408276
63	87	14.8039
63	88	1.52714
63	89	93.2788
63	90	0.725412
63	91	0.837893
63	92	1.251
63	93	46.4036
63	94	0.852929
63	95	0.968805
63	96	0.595822
63	97	5.90351
63	98	1.10901
63	99	1.24761
63	100	1.49399
63	101	0.990451
63	102	0.350084
63	103	1.50555
63	104	0.323262
63	105	0.698528

64	65	0.995596
64	66	2.92289
64	67	0.858974
64	68	1.27005
64	69	3.36752
64	70	0.938988
64	71	0.39202
64	72	2.45491
64	73	1.96299
64	74	3.18284
64	75	0.852996
64	76	0.375719
64	77	0.22621
64	78	1.99411
64	79	0.180497
64	80	2.72556
64	81	2.10306
64	82	10.5642
64	83	0.247091
64	84	0.666538
64	85	0.866552
64	86	1.56202
64	87	16.0645
64	88	0.276047
64	89	94.5342
64	90	2.00263
64	91	1.84254
64	92	0.326441
64	93	47.6615
64	94	0.813186
64	95	2.10952
64	96	1.82566
64	97	7.16741
64	98	0.82092
64	99	0.170329
64	100	2.7047
64	101	2.23765
64	102	1.60101
64	103	0.271079
64	104	0.989948
64	105	0.766611

65	66	2.19817
65	67	0.34663
65	68	0.698383
65	69	2.53932
65	70	0.95533
65	71	0.820285
65	72	1.66738
65	73	1.16679
65	74	2.35549
65	75	0.468173
65	76	0.914439
65	77	1.11619
65	78	1.10527
65	79	1.01259
65	80	1.94482
65	81	1.32146
65	82	9.74145
65	83	1.17443
65	84	0.456714
65	85	0.496487
65	86	0.753798
65	87	15.2822
65	88	1.21092
65	89	93.7424
65	90	1.30151
65	91	1.01866
65	92	0.835609
65	93	46.8559
65	94	0.536325
65	95	1.35872
65	96	1.18379
65	97	6.3572
65	98	0.603901
65	99	0.946027
65	100	2.11225
65	101	1.50488
65	102	0.971878
65	103	1.15117
65	104	0.567826
65	105	0.312215

66	67	2.26508
66	68	1.66924
66	69	0.672435
66	70	2.7215
66	71	2.89448
66	72	0.816025
66	73	1.27053
66	74	0.730498
66	75	2.11201
66	76	2.69508
66	77	3.11101
66	78	1.32003
66	79	2.92363
66	80	0.718759
66	81	0.906656
66	82	7.70741
66	83	3.13638
66	84	2.49723
66	85	2.08864
66	86	1.52984
66	87	13.1599
66	88	3.16893
66	89	91.638
66	90	0.964939
66	91	1.42467
66	92	2.88351
66	93	44.7653
66	94	2.36433
66	95	1.17237
66	96	1.15724
66	97	4.28194
66	98	2.64645
66	99	2.89539
66	100	0.627831
66	101	0.783585
66	102	1.33363
66	103	3.14841
66	104	1.95024
66	105	2.31232

67	68	0.662762
67	69	2.66116
67	70	0.759101
67	71	0.74477
67	72	1.74599
67	73	1.30312
67	74	2.48678
67	75	0.321856
67	76	0.738403
67	77	0.986929
67	78	1.22169
67	79	0.873926
67	80	2.05284
67	81	1.37967
67	82	9.84305
67	83	1.02598
67	84	0.32439
67	85	0.373342
67	86	0.838198
67	87	15.3677
67	88	1.06329
67	89	93.834
67	90	1.36671
67	91	1.1418
67	92	0.787099
67	93	46.9518
67	94	0.465504
67	95	1.46546
67	96	1.2103
67	97	6.45443
67	98	0.463995
67	99	0.811124
67	100	2.10282
67	101	1.55662
67	102	0.98236
67	103	1.01026
67	104	0.479244
67	105	0.330374

68	69	2.12677
68	70	1.2361
68	71	1.24695
68	72	1.24848
68	73	0.884124
68	74	1.97437
68	75	0.456216
68	76	1.05905
68	77	1.4542
68	78	0.903038
68	79	1.27037
68	80	1.52502
68	81	0.844259
68	82	9.31525
68	83	1.47523
68	84	0.883947
68	85	0.437385
68	86	0.48943
68	87	14.807
68	88	1.51204
68	89	93.2806
68	90	0.76355
68	91	0.793006
68	92	1.24685
68	93	46.4061
68	94	0.788997
68	95	0.99392
68	96	0.609807
68	97	5.91011
68	98	1.09342
68	99	1.24089
68	100	1.49836
68	101	1.01296
68	102	0.345714
68	103	1.48423
68	104	0.299184
68	105	0.713109

69	70	3.16622
69	71	3.27937
69	72	1.01184
69	73	1.52887
69	74	0.43994
69	75	2.55624
69	76	3.1699
69	77	3.54728
69	78	1.55531
69	79	3.35792
69	80	0.77295
69	81	1.31942
69	82	7.24138
69	83	3.57543
69	84	2.90168
69	85	2.52289
69	86	1.91308
69	87	12.7589
69	88	3.61721
69	89	91.2184
69	90	1.42203
69	91	1.67089
69	92	3.27529
69	93	44.3347
69	94	2.73062
69	95	1.40293
69	96	1.66609
69	97	3.83428
69	98	3.02284
69	99	3.33261
69	100	1.2692
69	101	1.27593
69	102	1.80849
69	103	3.57874
69	104	2.404
69	105	2.69292

70	71	1.00758
70	72	2.32589
70	73	1.88332
70	74	2.98782
70	75	0.878264
70	76	0.850095
70	77	0.959733
70	78	1.76473
70	79	1.05357
70	80	2.64107
70	81	1.88959
70	82	10.3152
70	83	1.05644
70	84	0.612514
70	85	0.97295
70	86	1.34863
70	87	15.7982
70	88	1.01565
70	89	94.2688
70	90	1.89476
70	91	1.79225
70	92	1.00521
70	93	47.388
70	94	1.10268
70	95	2.11634
70	96	1.68255
70	97	6.91885
70	98	0.516126
70	99	0.901347
70	100	2.47244
70	101	1.95479
70	102	1.52046
70	103	1.03854
70	104	1.04282
70	105	0.889291

71	72	2.36574
71	73	1.8638
71	74	3.09629
71	75	0.834752
71	76	0.577951
71	77	0.432145
71	78	1.86767
71	79	0.348733
71	80	2.63446
71	81	2.03647
71	82	10.4686
71	83	0.438267
71	84	0.578051
71	85	0.842874
71	86	1.47354
71	87	16.0037
71	88	0.511416
71	89	94.4635
71	90	1.9572
71	91	1.70073
71	92	0.194504
71	93	47.5839
71	94	0.649795
71	95	2.00131
71	96	1.81491
71	97	7.08658
71	98	0.693234
71	99	0.353378
71	100	2.73253
71	101	2.2201
71	102	1.57729
71	103	0.397276
71	104	0.982082
71	105	0.632347

72	73	0.673658
72	74	0.862923
72	75	1.66137
72	76	2.28738
72	77	2.63566
72	78	0.705134
72	79	2.43295
72	80	0.370259
72	81	0.55485
72	82	8.16199
72	83	2.65296
72	84	2.00209
72	85	1.60731
72	86	1.08774
72	87	13.68
72	88	2.70363
72	89	92.1329
72	90	0.6788
72	91	0.904196
72	92	2.37767
72	93	45.2498
72	94	1.83648
72	95	0.501335
72	96	0.965158
72	97	4.75385
72	98	2.1331
72	99	2.42295
72	100	1.1521
72	101	0.730266
72	102	0.967792
72	103	2.65394
72	104	1.51114
72	105	1.79923

73	74	1.26915
73	75	1.21315
73	76	1.80844
73	77	2.12952
73	78	0.424341
73	79	1.95419
73	80	0.87591
73	81	0.619811
73	82	8.73784
73	83	2.16531
73	84	1.50407
73	85	1.17969
73	86	0.641292
73	87	14.2469
73	88	2.20634
73	89	92.6999
73	90	0.578723
73	91	0.798467
73	92	1.8613
73	93	45.8151
73	94	1.43908
73	95	0.398314
73	96	0.788671
73	97	5.32311
73	98	1.66484
73	99	1.91569
73	100	1.42287
73	101	0.816529
73	102	0.707168
73	103	2.15923
73	104	1.08219
73	105	1.28214

74	75	2.3858
74	76	2.99009
74	77	3.35563
74	78	1.34351
74	79	3.17671
74	80	0.620693
74	81	1.19681
74	82	7.51571
74	83	3.39117
74	84	2.71196
74	85	2.3585
74	86	1.711
74	87	13.0097
74	88	3.42895
74	89	91.4609
74	90	1.26686
74	91	1.608
74	92	3.08772
74	93	44.5754
74	94	2.59809
74	95	1.19349
74	96	1.53759
74	97	4.09149
74	98	2.83966
74	99	3.13852
74	100	1.29291
74	101	1.16264
74	102	1.66491
74	103	3.39143
74	104	2.23418
74	105	2.49964

75	76	0.651839
75	77	1.02271
75	78	1.20141
75	79	0.873185
75	80	1.94469
75	81	1.26506
75	82	9.75346
75	83	1.05576
75	84	0.45776
75	85	0.196344
75	86	0.747684
75	87	15.2513
75	88	1.08402
75	89	93.7254
75	90	1.19584
75	91	1.10686
75	92	0.842546
75	93	46.849
75	94	0.546792
75	95	1.36538
75	96	1.01365
75	97	6.35134
75	98	0.713409
75	99	0.819176
75	100	1.91413
75	101	1.42036
75	102	0.792267
75	103	1.05779
75	104	0.217394
75	105	0.378212

76	77	0.503641
76	78	1.8341
76	79	0.438386
76	80	2.5512
76	81	1.88559
76	82	10.3661
76	83	0.533013
76	84	0.584608
76	85	0.727298
76	86	1.34048
76	87	15.8383
76	88	0.523531
76	89	94.3152
76	90	1.77319
76	91	1.72919
76	92	0.56286
76	93	47.4455
76	94	0.832788
76	95	1.9525
76	96	1.56818
76	97	6.956
76	98	0.817962
76	99	0.33703
76	100	2.42783
76	101	2.01707
76	102	1.37952
76	103	0.553551
76	104	0.783921
76	105	0.68798

77	78	2.14661
77	79	0.312982
77	80	2.90838
77	81	2.27879
77	82	10.7537
77	83	0.164521
77	84	0.762315
77	85	1.05268
77	86	1.71213
77	87	16.2577
77	88	0.138827
77	89	94.7288
77	90	2.18568
77	91	2.01555
77	92	0.386553
77	93	47.854
77	94	0.971644
77	95	2.28581
77	96	2.003
77	97	7.35562
77	98	0.863542
77	99	0.246781
77	100	2.8882
77	101	2.41492
77	102	1.78797
77	103	0.15281
77	104	1.17314
77	105	0.902904

78	79	1.99546
78	80	0.986206
78	81	0.556772
78	82	8.72322
78	83	2.18782
78	84	1.44288
78	85	1.18833
78	86	0.597945
78	87	14.2523
78	88	2.22793
78	89	92.7056
78	90	0.708495
78	91	0.705702
78	92	1.88938
78	93	45.8157
78	94	1.41021
78	95	0.614393
78	96	0.818947
78	97	5.32704
78	98	1.55122
78	99	1.9476
78	100	1.44562
78	101	0.789148
78	102	0.764653
78	103	2.17517
78	104	1.11573
78	105	1.28843

79	80	2.7016
79	81	2.10306
79	82	10.5409
79	83	0.245073
79	84	0.727321
79	85	0.865424
79	86	1.57557
79	87	16.0484
79	88	0.33276
79	89	94.5124
79	90	1.99674
79	91	1.81681
79	92	0.320351
79	93	47.6409
79	94	0.759514
79	95	2.07536
79	96	1.83875
79	97	7.14976
79	98	0.877392
79	99	0.225142
79	100	2.71599
79	101	2.25909
79	102	1.59845
79	103	0.273348
79	104	0.991784
79	105	0.772444

80	81	0.822876
80	82	7.9043
80	83	2.92591
80	84	2.29461
80	85	1.89582
80	86	1.35515
80	87	13.4155
80	88	2.97679
80	89	91.8656
80	90	0.873057
80	91	1.14826
80	92	2.6399
80	93	44.9841
80	94	2.11561
80	95	0.668586
80	96	1.16536
80	97	4.49493
80	98	2.44663
80	99	2.69298
80	100	1.18209
80	101	0.935919
80	102	1.22895
80	103	2.92842
80	104	1.78846
80	105	2.07486

81	82	8.5031
81	83	2.30709
81	84	1.62585
81	85	1.25284
81	86	0.670684
81	87	14.0016
81	88	2.34265
81	89	92.4745
81	90	0.324882
81	91	0.687338
81	92	2.04406
81	93	45.595
81	94	1.51583
81	95	0.630478
81	96	0.475193
81	97	5.09475
81	98	1.76256
81	99	2.0662
81	100	0.920054
81	101	0.379737
81	102	0.547966
81	103	2.31039
81	104	1.12498
81	105	1.45226

82	83	10.7647
82	84	10.1011
82	85	9.70875
82	86	9.12747
82	87	5.69881
82	88	10.8159
82	89	84.0214
82	90	8.61395
82	91	8.78888
82	92	10.4798
82	93	37.1308
82	94	9.87432
82	95	8.55702
82	96	8.83125
82	97	3.444
82	98	10.1896
82	99	10.5412
82	100	8.09034
82	101	8.42474
82	102	8.99186
82	103	10.7713
82	104	9.60028
82	105	9.90724

83	84	0.833929
83	85	1.06986
83	86	1.75921
83	87	16.27
83	88	0.134387
83	89	94.7374
83	90	2.20883
83	91	2.03078
83	92	0.425648
83	93	47.8651
83	94	0.960199
83	95	2.29936
83	96	2.03526
83	97	7.37146
83	98	0.935255
83	99	0.288059
83	100	2.91062
83	101	2.45595
83	102	1.80792
83	103	0.0760789
83	104	1.19433
83	105	0.948935

84	85	0.542912
84	86	1.04495
84	87	15.6188
84	88	0.848684
84	89	94.0895
84	90	1.5918
84	91	1.39658
84	92	0.603593
84	93	47.2067
84	94	0.595523
84	95	1.7005
84	96	1.41229
84	97	6.70821
84	98	0.342336
84	99	0.616069
84	100	2.31809
84	101	1.77325
84	102	1.20959
84	103	0.80968
84	104	0.65675
84	105	0.364316

85	86	0.791195
85	87	15.2175
85	88	1.11358
85	89	93.6862
85	90	1.18263
85	91	1.03003
85	92	0.839416
85	93	46.8105
85	94	0.432171
85	95	1.31342
85	96	1.03775
85	97	6.31383
85	98	0.764321
85	99	0.848314
85	100	1.92237
85	101	1.41061
85	102	0.769748
85	103	1.07626
85	104	0.215144
85	105	0.388992

86	87	14.6275
86	88	1.78371
86	89	93.0991
86	90	0.645719
86	91	0.779066
86	92	1.47935
86	93	46.2168
86	94	1.07598
86	95	0.855983
86	96	0.574245
86	97	5.71599
86	98	1.19455
86	99	1.49908
86	100	1.42665
86	101	0.857828
86	102	0.472419
86	103	1.753
86	104	0.65355
86	105	0.871389

87	88	16.313
87	89	78.4837
87	90	14.0916
87	91	14.3521
87	92	16.0085
87	93	31.6241
87	94	15.4222
87	95	14.0718
87	96	14.2863
87	97	8.93906
87	98	15.7244
87	99	16.0417
87	100	13.4663
87	101	13.8924
87	102	14.4749
87	103	16.2822
87	104	15.0929
87	105	15.4336

88	89	94.7845
88	90	2.24221
88	91	2.0924
88	92	0.483996
88	93	47.9122
88	94	1.04196
88	95	2.35411
88	96	2.06026
88	97	7.41666
88	98	0.945747
88	99	0.305794
88	100	2.93025
88	101	2.47893
88	102	1.8425
88	103	0.154577
88	104	1.22662
88	105	0.986036

89	90	92.5657
89	91	92.7965
89	92	94.47
89	93	46.9077
89	94	93.8726
89	95	92.5183
89	96	92.7662
89	97	87.3897
89	98	94.1857
89	99	94.5129
89	100	91.9469
89	101	92.3694
89	102	92.9495
89	103	94.7495
89	104	93.566
89	105	93.8987

90	91	0.782029
90	92	1.95223
90	93	45.6915
90	94	1.47416
90	95	0.582306
90	96	0.373553
90	97	5.19463
90	98	1.76972
90	99	1.96291
90	100	0.918369
90	101	0.506385
90	102	0.434625
90	103	2.21743
90	104	1.02643
90	105	1.38223

91	92	1.71893
91	93	45.9124
91	94	1.11422
91	95	0.778513
91	96	0.86945
91	97	5.43087
91	98	1.51225
91	99	1.82487
91	100	1.54727
91	101	0.952059
91	102	0.7072
91	103	2.02634
91	104	1.00552
91	105	1.18964

92	93	47.5911
92	94	0.689298
92	95	2.0154
92	96	1.81144
92	97	7.09167
92	98	0.733754
92	99	0.298848
92	100	2.72636
92	101	2.20316
92	102	1.57296
92	103	0.39969
92	104	0.97603
92	105	0.626213

93	94	46.9935
93	95	45.6374
93	96	45.8943
93	97	40.5065
93	98	47.2989
93	99	47.6387
93	100	45.0866
93	101	45.4923
93	102	46.0761
93	103	47.8753
93	104	46.6919
93	105	47.0168

94	95	1.52919
94	96	1.37513
94	97	6.50768
94	98	0.728864
94	99	0.809272
94	100	2.26218
94	101	1.72119
94	102	1.09236
94	103	0.953313
94	104	0.616295
94	105	0.455354

95	96	0.846575
95	97	5.15228
95	98	1.8727
95	99	2.07076
95	100	1.36896
95	101	0.907703
95	102	0.777985
95	103	2.29847
95	104	1.21612
95	105	1.4669

96	97	5.4125
96	98	1.61648
96	99	1.79348
96	100	0.958391
96	101	0.588963
96	102	0.355867
96	103	2.04573
96	104	0.87576
96	105	1.26659

97	98	6.80903
97	99	7.13899
97	100	4.66604
97	101	5.00715
97	102	5.5808
97	103	7.37921
97	104	6.19401
97	105	6.51179

98	99	0.768688
98	100	2.48705
98	101	1.90472
98	102	1.39886
98	103	0.898398
98	104	0.887537
98	105	0.567568

99	100	2.6761
99	101	2.20813
99	102	1.57059
99	103	0.290307
99	104	0.955241
99	105	0.699615

100	101	0.773142
100	102	1.18989
100	103	2.92933
100	104	1.76052
100	105	2.18133

101	102	0.718961
101	103	2.46378
101	104	1.28054
101	105	1.62112

102	103	1.81885
102	104	0.620462
102	105	1.0215

103	104	1.2034
103	105	0.932979

104	105	0.481689

